1300557464669224960
1300399427006464000
1300347118008369153
1300198567219470336
1300001644126580738
1299998661599023105
1299671019024781313
1298509091032236032
1296539409165082625
1295692269740347392
1294708444533002240
1294708441978724353
1294008944780808193
1293781572655644672
1293252268653862912
1293097385774780417
1293057389915144194
1293049740528156672
1292925745191366657
1292918250788073474
1292916336667107329
1292862374228238337
1292862226714558465
1292862144552284165
1290584588255985665
1289852842585411590
1289849079506165760
1289605306037596160
1289530639738339331
