1267200782216069121
1267194769563934720
1267192171742072832
1267159596260560896
1267134698301657088
1267122699291279361
1267066840267792385
1267022147895152640
1267013725707554818
1267010638024445952
1267009545601236992
1267001610640789506
1267000601528975368
1266999526302396416
1266993507102752769
1266989812466278402
1266985802111881216
1266970241738903553
1266970161107439616
1266964168399302656
1266940473664516101
1266920734049415168
1266876450482896896
1266874327682691077
1266874052615995404
1266866320785592321
1266863520911589376
1266863508693680129
1266847622834409473
1266840944122499072
1266833898744565761
1266828509558779904
1266826953878896640
1266825891843358720
1266824873554456583
1266824798048567304
1266824717685661700
1266821825927004167
1266819750363004936
1266818966690947072
1266817117359345665
1266817019996966914
1266812829404979200
1266808558366134273
1266803097696972806
1266799821169491969
1266799313432305664
1266798026770780160
1266795021702967297
1266794346675875849
1266793183817674753
1266789117809045506
1266789045264429067
1266786566359461890
1266785507247370253
1266783667067781122
1266782296318885889
1266780668299808769
1266780281954058241
1266779733657821184
1266779038066057216
1266777859709906947
1266777760426532864
1266777437381197824
1266777260041940994
1266773982491160576
1266772824993210370
1266772745431535619
1266769152829722625
1266768768321163270
1266767708315623427
1266767373773742082
1266766578672177152
1266766485806088193
1266766289139388416
1266766277131014146
1266765754533384192
1266764173825974272
1266764082289561601
1266762654967836675
1266761560237670400
1266760347018502144
1266760193209241601
1266759653435879426
1266759036692824065
1266757881271115776
1266757207410053124
1266757185356300290
1266756731226460160
1266756096347312128
1266755486646403074
1266753900742402048
1266753761709604865
1266753581190955010
1266753511905284096
1266752308970508290
1266752233967943680
1266752021270593536
1266751079506731008
1266750826984464384
1266750448901423105
1266750438847676416
1266750413690277888
1266749942200176641
1266748760643776512
1266747814127833088
1266747763175366657
1266747718988435458
1266747692652408834
1266747495092232193
1266746795662737408
1266746662149652480
1266745680887939072
1266744349066395651
1266744039212277760
1266739134170828802
1266738637363769354
1266738494615019521
1266737856506138633
1266737370549846017
1266737134041534465
1266736987530301441
1266736263144620035
1266735946432741376
1266735444429021186
1266735216825073666
1266735175540641797
1266734918983471104
1266734352890765314
1266734321030836227
1266734142890430470
1266733836785852418
1266733673887473670
1266733576395067394
1266732989452558336
1266732962650996736
1266732893352706054
1266732807864320001
1266732679292227586
1266732368490094592
1266732358759329794
1266732339461271555
1266732148473634820
1266731694142509057
1266731535685881861
1266731290843381764
1266731054167207937
1266731020465946624
1266730974458585089
1266730884864114689
1266730866929217536
1266730704886521856
1266730249699672071
1266730053402087426
1266729566279733248
1266729551088037889
1266729486508326912
1266729293238992896
1266728742946254849
1266728531884638208
1266728519549292544
1266728274341826562
1266728145970962439
1266727963309027328
1266727884863016965
1266727858057216003
1266727819532517378
1266727790558302209
1266727697004126210
1266727576116101120
1266727475607937025
1266727313531645952
1266727292035891204
1266727287376019456
1266727282032459776
1266727276303040513
1266727093703979008
1266727086586200064
1266726996157042689
1266726966012641285
1266726873503064065
1266726627607810048
1266724304328298496
1266722076490170374
1266721334928781312
1266721308106207233
1266721266196717570
1266708822334361601
1266703655639683073
1266700738459324416
1266698155531341825
1266693911264800769
1266668091599183872
1266664484837511170
1266663037035036673
1266662180948250627
1266656964840435712
1266656882749562881
1266443837574205452
1266443777268486145
1266437556729720833
1266434254159908864
1265916745258319873
1265781651537383424
1265723687136907265
1265702091693207553
1265700321394937856
1265591073843208193
1265414800613543936
1265339797016653825
1265291819430154242
1265290933656072194
1265288309791764481
1265287411464122368
1265285103019753473
1265283701040189440
1265283642894540801
1265283450719911936
1265283336483807232
1263799078686785537
1262574148515176454
1262440151382450181
1262120986385793025
1262120829652959232
1262074563527168005
1262059216480714754
1262057687765958663
1262057620694802433
1262020495727362049
1261981674637844480
1261981608686637057
1261979995020427265
1261978733092786176
1260913025470603266
1260394690299518977
1259868622916407296
1259859865926844420
1259833512737325062
1259831472179068929
1259829543055040513
1259788837846503426
1259718608055341062
1259708317691252739
1259688635814813699
1259668938469838848
1259667911322599427
1258796726997135364
1256226139917496320
