1267201149553213447
1267180547996090370
1267177222529519617
1267148209232756740
1267147689269104641
1267147050216554497
1267145779355029504
1267144659182198785
1267143853510885377
1267141775598256128
1267141359942713344
1267139874638921728
1266993507102752769
1266824798048567304
1266824717685661700
1266750438847676416
1266712932022398977
1266659670011281408
1266523041783255041
1266443837574205452
1266443777268486145
1266437556729720833
1266434254159908864
1266416223421636610
1265916745258319873
1265781651537383424
1265700321394937856
1265691878894309376
1265414800613543936
1265339797016653825
1265291819430154242
1265290933656072194
1265288309791764481
1265287411464122368
1265285103019753473
1265283701040189440
1265283642894540801
1265283450719911936
1265283336483807232
1265178661260529665
1264586308271386638
1263971035474472961
1262662295412527106
1262482211607064579
1262481119947169792
1262446665392365572
1262440687028654083
1262192578281312256
1261530162925056000
1261516579474415617
1261129187613646848
1261083477908377602
1261068438711218182
1261041521572405250
1261036624680554499
1260946440047730689
1260714389851815936
1260711804872937473
1260410110922366977
1260341622031683592
1260300661285105665
1260268999675445249
1260249730170400768
1260105047389675520
1260087792480198656
1260044758610821125
1259960843694981120
1259930876017860609
1259930020971253760
1259912030565339136
1259872118357049344
1259868404628041729
1259866885954441221
1259859769730437120
1259859557339127808
1259847318444085249
1259834275303772160
1259831542811066369
1259831054388670464
1259830957147906050
1259830100893327360
1259829964163211269
1259825946867249158
1259818797491539969
1259818621188165637
1259806092542070784
1259791774240911362
1259791179195002880
1259790793553969152
1259790476800077825
1259790006480244736
1259789718046285825
1259789673377005568
1259789207452749830
1259788871249903617
1259788820997967872
1259788462519132160
1259788228011360256
1259588981156708359
1259539057916379137
1259275734759112705
1259272490049822721
1259179914454093824
1259179579119489025
1259178618414080011
1259168346106408963
1259091141582041091
1259089956355670023
1259065951066173440
1259016186223824896
1259008353331752960
1258798201819336704
1258780107298275333
1258694012665462784
1258528003732025346
1258503553490059264
1258503188279447552
1258496464268951552
1258483176906862595
1258476943239983109
1258417839070904323
1258382847511052289
1258375463510179843
1258373537636605954
1258355011672735744
1258351361156165633
1258350497574068224
1258330705160962048
1258327319556562945
1258322106774892544
1258320873653755906
1258304421462761473
1258302295512690688
1258292292953276416
1258290620822622208
1258289424565178368
1258285219741757440
1258283181092020224
1258283152432418818
1258282799020290048
1258282753197572097
1258282345238536192
1258282325105946626
1258278052175495168
1258277798613078016
1258276088440074241
1258272559709196288
1258269748359565318
1258236700335263744
1258214453847494656
1258209109075165184
1258147562814607360
1258140999454425090
1258108659042746368
1258075712965279751
1258063325780459521
1258035475073454080
1258026227316797440
1258023781731360768
1258021457311010816
1258014903052443651
1258004243816079360
1257998681858617344
1257993287576596480
1257989544294715392
1257989523033686016
1257989095566999552
1257986460881498113
1257985961927094284
1257983572679389184
1257977446739165184
1257974982778519553
1257964828074881026
1257964527414661121
1257958972855848962
1257955752259567618
1257953106031239173
1257950413887811585
1257948918962434050
1257947285364912129
1257946312781320192
1257944811119742977
1257944122624815110
1257942874358001669
1257942059949981696
1257941590984851456
1257941426014486529
1257940306688970752
1257939826671792128
1257935975738720257
1257935279555588096
1257935276200071169
1257935272874053633
1257935269644382208
1257934993017405440
1257934905775972352
1257934762766934017
1257934008958230528
1257931645245677570
1257926956185563136
1257926920966221827
1257925691598872577
1257923549228040194
1257923053167796224
1257922414559801344
1257922150620684288
1257921597752696834
1257920670291210240
1257920555593814016
1257917735444647938
1257916959989157889
1257916316201234432
1257915602200657921
1257914755458596864
1257914330118533121
1257913876110364672
1257909915609370625
1257909224136421377
1257908890148261891
1257908702000144386
1257908358281072641
1257903673402892291
1257903084812095488
1257902210584903681
1257901977280921601
1257900126166794240
1257899116950106112
1257898925496901634
1257898479118159873
1257897751570010113
1257897641394024449
1257897591590846464
1257894000721375232
1257891509527031810
1257889141632663564
1257888645400453120
1257888058483126272
1257887922499530757
1257887353139494912
1257881787906359297
1257866055331897346
1257865550803251202
1257865427847245824
1257860207981604872
1257858562019262467
1257857625536040963
1257847716249571337
1257844478720737286
1257839418213367815
1257837210541395968
1257834537767374850
1257830337935269892
1257830019356917760
1257829970069663745
1257829403708530690
1257829056076296192
1257828148571451392
1257825769843277826
1257825762993979393
1257825569556832256
1257823985296912388
1257823856007528448
1257823783445950464
1257822702867492864
1257822384834449410
1257821597609742336
1257819957456404481
1257818359485390848
1257818047454359555
1257817840846991361
1257815728276701184
1257812308140740610
1257812269766971392
1257811191826653187
1257809069362028544
1257808971529949189
1257805886480842754
1257802186484047872
1257801865900838912
1257801769104609280
1257801660270862342
1257799733642326017
1257798890516029444
1257798438294519808
1257798328680669191
1257797942985007104
1257797462363910144
1257797240346771457
1257797100915605506
1257796998255857666
1257796915737042948
1257796798455971841
1257796316362489856
1257795959972458496
1257794741900644353
1257794652654239747
1257794510207234053
1257792844166725633
1257792662851256322
1257792321007095808
1257791702473064451
1257791692503158787
1257791651168366599
1257791471522123778
1257791123021615106
1257790223016214528
1257790151562051590
1257790045093793792
1257789846808125441
1257789666595688458
1257789558747512833
1257789373799686144
1257789250013192194
1257789164038295552
1257789151023374338
1257789129586335745
1257788521127071751
1257788375014281218
1257788115189628930
1257787898197311488
1257787741187772418
1257787571926634496
1257787395170336768
1257787289175982080
1257787196511326210
1257787154169823239
1257787010963644427
1257787004953206785
1257786910992470018
1257786648437424134
1257786578161844226
1257786246023299072
1257785888517558272
1257785194028969984
1257785163691495425
1257784709414899718
1257784652049321984
1257783136563482624
1257782898825949184
1257782651194310656
1257782249979883534
1257782186884902913
1257782125157404679
1257781929350516739
1257781702245711872
1257781208907493376
1257756057226678274
1257749538519072774
1257749491144417284
1257745365165580289
1257737007184347136
1257730908771270657
1257718866869977089
1257712985625288705
1257712912845680643
1257709016748302337
1257704309220835335
1257703592783380480
1257703581895049222
1257699738339676160
1257697889926733830
1257696879556648960
1257691911244189697
1257690112542019585
1257689163807305728
1257686190624563205
1257685055637524481
1257684658223022081
1257684466564284418
1257683948257280005
1257683830074494978
1257683213490798592
1257682666410905600
1257678266980356096
1257675189699129347
1257674794495025155
1257673391533969409
1257673095227244546
1257672251702419456
1257671840908169216
1257671778723299328
1257671759710609409
1257671325004566533
1257668393093730325
1257667980873392130
1257667427736920065
1257665375921147904
1257664065490620416
1257664021479804928
1257663603165081604
1257663495904124929
1257663474953531393
1257661283383607298
1257661243902562305
1257660971579060224
1257660384863047681
1257659740299165697
1257659667498577923
1257659441132064769
1257659391731531777
1257659293429575681
1257659118250328064
1257659072855379969
1257658127836762112
1257657829894193157
1257655907267338240
1257633602738819073
1257620170786451456
1257457960969740288
1257413991057502210
1257412639598301186
1257412164941299712
1257408902196613126
1257400739921571842
1257376597591625729
1257369167507927040
1257368220312506376
1257359178617798657
1257358623702953984
1257350928262455297
1257344417100435457
1257340481882767361
1257340340006203392
1257339556564795397
1257331994318569472
1257315501140701192
1257315442940497925
1257315015897395207
1257313922853421057
1257304847486873600
1257303693877080064
1257289349550440453
1257288030408380417
1257277794947563520
1257261322129022976
1257259218895122432
1257254264142954496
1257243651312431104
1257243121265586178
1257241463513112576
1257240761650819078
1257240719586189312
1257240067954835456
1257239873817280512
1257239399433220097
1257238923987881984
1257238859458531328
1257238776189005826
1257161728552579074
1257141400887590912
1257049981950652416
1257040879124127744
1256937562423406592
1256914409517199363
1256907030348120064
1256889672812433408
1256848210435457024
1256793334049394689
1256733357888679943
1256727933135224833
1256716978921897985
1256699745831174145
1256653279431397382
1256605509664288768
1256592915750502400
1256585198893961217
1256581787968569345
1256577494498652160
1256563312428568576
1256534813609246720
1256532200184561664
1256521340636577792
1256496458607493121
1256496142466121728
1256486187822448640
1256473928421249026
1256447714893725697
1256425802004037633
1256415436171853830
1256398808596054021
1256392484546060301
1256385748795785216
1256369800638586880
1256362748012789760
1256359761311916034
1256354871659450376
1256354279209779200
1256350835568762880
1256343141722005512
1256341979589341184
1256338059794079745
1256337083729231873
1256335858547912705
1256331059366522880
1256329529263443969
1256321566234705920
1256321122070482944
1256317367585390592
1256316047336095744
1256315680070213632
1256313718767407104
1256311758563823616
1256311376055808002
1256310154489769984
1256310131144491010
1256307538745856003
1256306413254488064
1256305625505558530
1256304804332175360
1256301834412732416
1256297314718822402
1256295860155056131
1256294311177699335
1256293429648261124
1256291028103028743
1256290402396758024
1256286181983125509
1256285082530308098
1256284681982574592
1256282538718478340
1256281435188662274
1256281270348365825
1256280664485376000
1256280121796853760
1256279736109666307
1256279698713260032
1256279425018023942
1256276945983213571
1256274751854645249
1256271860553089024
1256271687538049024
1256269689745006592
1256266979398344707
1256266559301042176
1256266123315761153
1256265420849512449
1256264743297454082
1256264441462751233
1256263642980507648
1256261499259158530
1256260575383953410
1256259816575598593
1256259671284953088
1256259624895905798
1256259256766136320
1256258616014901249
1256257725182488576
1256257240442470405
1256256402580025344
1256254524064497666
1256254263740846083
1256254067581599750
1256253354130497537
1256252643409829889
1256252532290129921
1256251417771286528
1256251241543458816
1256250495062224898
1256250287007895553
1256249265522909185
1256248866590142465
1256248689087188992
1256248385985708033
1256246833971675136
1256246742611263488
1256246693202444291
1256246463455203329
1256245798649638913
1256245692194062337
1256244824488976384
1256244547409055745
1256244545530089472
1256244050388189185
1256244020260614145
1256243389139505160
1256243261624246275
1256242601872756736
1256242559711612931
1256242456678596609
1256242174099849216
1256242136191848449
1256241687665442818
1256241511479611401
1256241163377487873
1256240948243202050
1256240709302132736
1256240553697648643
1256239651259584513
1256239446455959554
1256238939360411658
1256238842069254147
1256238733747277824
1256238563609452545
1256237598999285760
1256236158893293569
1256235686958698496
1256235673318756352
1256235128172486660
1256235122426249219
1256234868578664449
1256234699548176384
1256234441237770243
1256234189206302721
1256234125297692675
1256233898641698817
1256233815619616774
1256233727262429186
1256233589890527232
1256233388836519936
1256233076776189952
1256233063891247104
1256232887369809920
1256232806960771072
1256232554308546560
1256232529230782468
1256232499241529344
1256232469147377665
1256232414596214787
1256232271805329417
1256232219607212040
1256232143694499840
1256232125768105988
1256232121192022017
1256231905919369216
1256231691825360899
1256231632027205639
1256231473092444160
1256231365072375820
1256231327684231168
1256231152911880192
1256230999882596352
1256230995680022536
1256230988742623232
1256230976000339970
1256230631928971268
1256230604812754944
1256230521216131077
1256230480095125507
1256230456896487426
1256230455965253632
1256230367557804032
1256230347823611907
1256230130562850818
1256229924127608833
1256229895182712835
1256216739873984512
1256181117683666944
1256169314358644737
1256165082976960512
1256136914568204291
1256136059865509888
1256117997606973440
1256083360687980544
1256079631456837632
1256079612125331459
1256066272292462598
1256039969413574658
1256036539873853442
1256032195690541056
1256030199038332928
1256022956666470401
1256010836776189955
