1289205193981063169
1289203058933628930
1289186759830433793
1289163153570295808
1289157861591748611
1289157176477523970
1289156190430273536
1289156096045666304
1289153939548459008
1289153051891204097
1289152700576219137
1289152022030114817
1289141356200431616
1288880989587021824
1288510610225930241
1288507047701512195
1288484486473306118
1288472240649101313
1288455777192235008
1288452817804558338
1288450003950874624
1288449979418378240
1288449776170737665
1288413123020574720
1288387813738774528
1288339265504641026
1288263450037280769
1288225275562668033
1288217749878177792
1288213160898502659
1288212642973319168
1288174777111318530
1288174452015083521
1288107973688979458
1288107952751009794
1288107448587313152
1288106951918813184
1288105471866372096
1288104972534476801
1288103459288301568
1288102153635143683
1288096903469572096
1288096191469821952
1288095303845974017
1288094027364139008
1288090719006015494
1288089881630117890
1288080637023457281
1288076717140189184
1288075256473812992
1288069954701529091
1288056713489383424
1288054370022694913
1288050461090762755
1288035859468554240
1288027402824822784
1288015466515042304
1288014284673482752
1288012997277999104
1288012334246563840
1288011346831966208
1288007661766795270
1288006654559162368
1288006402619957249
1288005551130124288
1288005371097952258
1288004891751964673
1288004795983376384
1288004500998033408
1288003933261254656
1288003625252532224
1287983624046825472
1287975013598089216
1287967201786503169
1287924640631984128
1287915113459134466
1287876395037646849
1287875729464549376
1287874350448644096
1287873617489850368
1287872771263836161
1287870257294532609
1287869925948702722
1287860634911150088
1287860303808659456
1287843261202210817
1287776522959495170
1287776183426453505
1287728163775221760
1287627560663351296
1287527705047638018
1287523922448125954
1287435603483688961
1287183278718488583
1287087465401024512
1287071884245438466
1287068839570808833
1287047318794051592
1286942191609315328
1286929497439252482
1286740195317030912
1286697254024339456
1286693139261071361
1286679112837292032
1286670537578745857
1286662845795639296
1286631047103479809
1286629198656933893
1286613920631926785
1286606692839497733
1286581416805965825
1286578774948089856
1286569352632971265
1286563241817186304
1286560625699819521
1286551691085713408
1286547279189610496
1286545598905286657
1286542710367817728
1286520724979683329
1286516514418556928
1286515601377316870
1286515507785535488
1286509814168854530
1286507549924220931
1286506392577347584
1286501696731045890
1286499337959288837
1286498814233325571
1286487876256116736
1286484957549010947
1286475669430566912
1286463452823855104
1286463043703054336
1286459779091767296
1286453475413499904
1286441844210008065
1286434181418016773
1286430407777550340
1286427519915352066
1286427150892126214
1286425962964561921
1286425504434860035
1286425231238877186
1286417919207931908
1286417121317134337
1286415177408274432
1286413518372249603
1286413332220608512
1286411746396139521
1286410618703155200
1286409788734218242
1286409059730587651
1286401975953829899
1286400659546415104
1286399645397196800
1286397546198454277
1286396989316501518
1286396316092968961
1286395237854859264
1286392451603800066
1286392394175447040
1286392392011128839
1286391497877790722
1286390178030981120
1286388328183607298
1286385073143664640
1286384949361336328
1286384343133413376
1286383926550892544
1286381817604517888
1286381310630559745
1286381295401160704
1286380609909268480
1286378592755224587
1286378488308563970
1286377478982901762
1286373355931697154
1286373116390846466
1286370673842098177
1286370034273718276
1286369532752416776
1286369348622471176
1286368895369084928
1286368169196769282
1286366491915571202
1286365785179422723
1286365184483885057
1286364888454045697
1286363624529973249
1286363056449245185
1286362973167144960
1286362192493907968
1286359744450629633
1286359505400410116
1286359392548524034
1286358944902979590
1286357968569733121
1286357086499147776
1286354905557499906
1286354673444716549
1286354406850605058
1286352443446616065
1286347609439961095
1286347139770179584
1286347045641609216
1286346795426222080
1286346084256686080
1286343924873822218
1286342786866909184
1286342643371446272
1286339003277553664
1286337801768894464
1286336762260922369
1286335562375454721
1286334274107592704
1286333455924633601
1286333382079774720
1286333094631550979
1286332660982456323
1286330077408624641
1286329432668549121
1286329168775577600
1286327616757207041
1286327009023594497
1286326698305363971
1286326535176232962
1286326470185451524
1286326022242279425
1286325332283465730
1286323448826994697
1286322622913970176
1286322304721522690
1286322258756210689
1286321919407656965
1286320985420038144
1286319705855332353
1286319669121626113
1286319372785655808
1286319368591282179
1286318473057116161
1286317929664073729
1286317330776162304
1286316958716178437
1286316096203694080
1286314866819637253
1286314462585159680
1286314322029879297
1286314189846458368
1286313319427649536
1286313105354641409
1286312883874299909
1286312088495849473
1286311775244255232
1286311618939359232
1286310739511320576
1286310532354576403
1286310389496590336
1286310052631064582
1286308904020971524
1286308622981566464
1286307287309651970
1286307104698105858
1286306919490125826
1286306655253266435
1286306537791774721
1286306285357617153
1286306006335717376
1286305500091613190
1286305430692659200
1286305401542189062
1286305349398663168
1286305203168456704
1286304912716988423
1286304570881302529
1286303676462780417
1286302683159298049
1286300822142431236
1286300660997197824
1286300555242016768
1286300486631555072
1286300232540708871
1286299414370422788
1286298547680358406
1286298150085566464
1286297968769933312
1286297903867269121
1286297787571863559
1286297248264069121
1286297102935568387
1286297019833888773
1286296431054196736
1286295896905388032
1286295889997438977
1286295776419815431
1286295727300378626
1286295629501792256
1286295557129089024
1286295504406622209
1286295376488693761
1286295251645341696
1286295195793973250
1286295096762277888
1286295037979000838
1286295007587192832
1286295002960846848
1286293651493134337
1286293627455647744
1286293080904282120
1286293078006018050
1286292817971560455
1286292765622579200
1286292603642810368
1286292323006128130
1286291958030389248
1286291797631737857
1286291567892992000
1286291373130485762
1286291364926423040
1286290960708784128
1286290400538439680
1286289954012835841
1286289709367472128
1286289373743534081
1286289063369150464
1286289026278993920
1286288978409390085
1286288853037457408
1286288783697235969
1286288631477555200
1286288165070938114
1286288127439581184
1286288079288963073
1286287545756778498
1286287412587573248
1286287230970081282
1286284656334319617
1286277665553514505
1286274253453762560
1286272374074114049
1286270668019863553
1286261384578322432
1286252970653306880
1286252036246458370
1286247190369914880
1286246150266408966
1286245899186864130
1286244012693880833
1286240566192123904
1286239031026737152
1286237357281288194
1286237352504033280
1286236614306476033
1286236479015067648
1286235372817731584
1286235075840016385
1286233416007135232
1286232896676732929
1286230175739449344
1286230133561491456
1286229864048099334
1286226035273596928
1286225035036954624
1286224778597146625
1286221932040511495
1286220844671225861
1286220275730743296
1286218569584390144
1286218302151368705
1286214773043081218
1286214287506243585
1286208589632344064
1286207644869496832
1286206235663110145
1286205111732232192
1286205062453374976
1286204476995633158
1286204125261242368
1286203788739719168
1286201906315001856
1286200953092411392
1286200420885561344
1286200315092574210
1286199516861997058
1286199425707188224
1286195411439562752
1286195380183539712
1286192846077333507
1286192596138721280
1286192245721444353
1286192207146475521
1286190181855502336
1286190095784189953
1286190015719124992
1286189457293664256
1286189362993037312
1286189342394916865
1286188851887853568
1286186841608204288
1286185228084674561
1286183415776186369
1286182551586058240
1286179356038045696
1286178605815529472
1286175944013754368
1286175915286892547
1286174710770868229
1286173955305418763
1286173075080450049
1286172065431793666
1286168603361005568
1286167534446817285
1286166613117620225
1286164798942654464
1286163279233126401
1286162799400452096
1286157756928598016
1286155032124100609
1286150162193285124
1286148570190696448
1286148080237256705
1286143679980277760
1286143340602437632
1286135656352227330
1286128605765009412
1286128431999193088
1286121361702817795
1286112487574822912
1286105744878731264
1286104934971211778
1286100306401656832
1286100082484482049
1286100037102166016
1286099802338537477
1286098736163237888
1286093947534585856
1286086240526368769
1286083536508932101
1286081761605287942
1286079301226582018
1286078487514828800
1286077313038204929
1286075848907460613
1286073240729853957
1286073085188161536
1286069763093991424
1286068594703511552
1286066257654095877
1286066044805820417
1286063567087820800
1286063395788279814
1286060687492620290
1286059697116651520
1286059305788157954
1286057193175953411
1286056937029853185
1286055809055707136
1286054814720372738
1286053196687978500
1286052835319255040
1286052031816511489
1286051454936121344
1286051087657705474
1286051021622517762
1286050794257764357
1286050655656869890
1286048488493588483
1286048122263740419
1286047813944705029
1286047114653364224
1286047022093672449
1286046759127588864
1286045681443053568
1286045249090052105
1286044353299980290
1286044277336834050
1286044121891852294
1286043664695865346
1286043612053155843
1286043361649070082
1286043321434025989
1286043218610659331
1286041494688796672
1286041114689130502
1286040739110178817
1286040490442457089
1286040483924451331
1286040320183013376
1286039613614837761
1286039421322747905
1286039043285950468
1286038898624405510
1286038856857456641
1286038548714577923
1286038544201453575
1286038426177941506
1286038385493237760
1286038167863386112
1286038144375193600
1286038140835319809
1286037741742981131
1286037520690696206
1286036723663876096
1286036612753825794
1286036525713629190
1286035949399482368
1286035723423027201
1286035207712313344
1286034602600079363
1286034319610458112
1286034162005291017
1286034104320954369
1286033901144739841
1286032966347522050
1286032860596576256
1286032763389435909
1286032576709308416
1286031909240410118
1286031290907713549
1286030555818188800
1286030495751516167
1286030463530864640
1286030319506907136
1286028044650647554
1286027744279658497
1286027356075888643
1286026993398624261
1286026949371080707
1286026578481348609
1286026186758467584
1286026136871469058
1286025757169528832
1286025131412922374
1286024465126653952
1286023780062699521
1286022746397454337
1286021717303984129
1286021025940070404
1286020870658576387
1286020765352067075
1286020544236851200
1286020397863854080
1286019782320500736
1286019573263798281
1286019503818780675
1286019151086129152
1286018647354306561
1286018630266826753
1286018585580666883
1286018556572897282
1286018529574223875
1286018326859317248
1286017948767969280
1286017811899392007
1286017671641825280
1286017622392348672
1286017517815828487
1286017148586991621
1286016978508013568
1286016689004478464
1286016470544244739
1286016302168059904
1286016129673187330
1286015678621908995
1286015550301319174
1286015510287720450
1286015441777963008
1286014743619174400
1286014554863017984
1286014516141199362
1286014354836652033
1286014156357894144
1286014070764822528
1286013476314517510
1286013256872722432
1286013176157437952
1286012740604178435
1286012581799501824
1286012524471754757
1286012045570301953
1286011999990800385
1286011930189221889
1286011696818069504
1286011402629664770
1286011304893972480
1286011253828341763
1286011253069094912
1286011182873280513
1286011164443508737
1286011089814257665
1286010781319016453
1286009882131521537
1286009745032335362
1286009735997730816
1286009602765729795
1286009302109609985
1286009294677331970
1286009040582180864
1286008958294077440
1286008603305025540
1286008534073835520
1286008448363180033
1286007964885815298
1286007813542760448
1286007529818988551
1286007489557921794
1286007315674607616
1286007143125090305
1286007082353864706
1286006867903352834
1286006732339191812
1286006676148166656
1286006517100142592
1286006158411681792
1286006016535154689
1286005960578936832
1286005773143814144
1286005611176624128
1286005226818994178
1286005183424724993
1286005107755290625
1286005057532637187
1286004975487909889
1286004847473565697
1286004409407766537
1286004320849334273
1286004303241662464
1286003923598422019
1286003895269982208
1286003723152625664
1286003606173491206
1286003573508235264
1286003236659515396
1286003077116559361
1286003071378751488
1286002933637607426
1286002881393577984
1286002836644540418
1286002624395911170
1286002313384153088
1286002077483831297
1286001994751250439
1286001982365474818
1286000859432845322
1286000803090698241
1286000217268027392
1285999891194535937
1285999690845126658
1285999615184113666
1285999613963624448
1285999048378535938
1285998611596300290
1285998411402149888
1285998393186189314
1285998356351913991
1285998333580980224
1285998100168036352
1285997975374893059
1285997965988044802
1285997843505917952
1285997823733968898
1285997127160791043
1285997024509333504
1285997019484626946
1285997015546179592
1285996962672762884
1285996886340534275
1285996700344213504
1285996677439074307
1285996330545041411
1285996327483183104
1285996309636362241
1285996109702344706
1285995997471088640
1285995636731588608
1285994795622699010
1285994792145629188
1285994682376433664
1285994654295621632
1285994608313487361
1285994597479522309
1285994324027740160
1285994301076406277
1285994155810992128
1285994116304822282
1285993572425248768
1285993500643856384
1285993491068264448
1285993241943453696
1285993207655010305
1285992851785101313
1285992691545837574
1285992612189687808
1285992557739204613
1285992516882436098
1285992426482667520
1285992319708168192
1285992193837211650
1285992145925615619
1285992134215073792
1285992009925369858
1285991848025219072
1285991713987792903
1285991615375515649
1285991591048609793
1285991380834291714
1285991223271002113
1285990887579844616
1285990848061231107
1285990845402021891
1285990748085723137
1285990727353344005
1285990675926982656
1285990636315959296
1285990446364348418
1285990122643755011
1285990092633505797
1285990079249481733
1285989957107163142
1285989808368758786
1285989789012025349
1285989710951862278
1285989638616875009
1285989592462745606
1285989532823887872
1285989441799168000
1285989416465555463
1285989405577154561
1285989281429848066
1285989216367902721
1285989131374465029
1285988769556987905
1285988721163149315
1285988685889114112
1285988655555903490
1285988604033011713
1285988507543048192
1285988506658111495
1285988427113082881
1285988311291617281
1285988204643061764
1285988082370715649
1285988047297880064
1285988045821542401
1285988000724287490
1285987875864150017
1285987829244469249
1285987823431057408
1285987651418497026
1285987472271433731
1285987448988864512
1285987319720411142
1285987158692638727
1285987114312773633
1285987050932637697
1285986760359579650
1285986577018167298
1285986364786380803
1285986296528343042
1285986013588971520
1285985997159792646
1285985812254011394
1285985774467522560
1285985616455520259
1285985597488848897
1285985497005928455
1285985484141989888
1285985439321661440
1285985206281875457
1285985165483941888
1285985147603619840
1285985097615921152
1285985083137167360
1285984897107206148
1285984873992409089
1285984846024769536
1285984773131907072
1285984739732729857
1285984720736722948
1285984712473874433
1285984702697013250
1285984646040346625
1285984643452489735
1285984621700829187
1285984616814436355
1285984568747667458
1285979799131959299
1285979373749899265
1285968985272406017
1285968536473665539
1285966919141658624
1285966420006899718
1285966346367492098
1285966124300095491
1285965867604418560
1285965818799546369
1285964983575224324
1285964653693206531
1285964459186376704
1285964120702033921
1285963611110866944
1285963591687057408
1285962655619055617
1285962502812176384
1285960521091551236
1285960298428596224
1285958325788725248
1285957522508185601
1285957301870964737
1285956337474646019
1285955767535894529
1285952397257388032
1285950315200761856
1285941131897962497
1285940641747402752
1285937710696464385
1285937657651044352
1285935670775734273
1285916599162208264
1285900906186321920
1285899836060053504
1285899265693364225
1285898424546734082
1285828082746753024
1285823477723824128
1285698918744051712
1285680363675824128
1285642618790121477
1285641218794434561
1285637741791805440
1285636493202149378
1285635897854230528
1285635718749073410
1285608708907700227
1285608241993588742
1285607032490516480
1285605496834195462
1285601887694327810
1285586167157710850
1285585798201577477
1285583155341205505
1285573821651722240
1285572127454752768
1285570464266452997
1285570170031943680
1285568219609067521
1285567791739830273
1285566356071555075
1285563347455352839
1285563228437831680
1285562363983343618
1285488400016048128
1285473719897468928
1285471739028398081
1285464317782089728
1285462995070525440
1285458436751126529
1285458146824278017
1285443734285541379
1285443137247248384
1285440119453954048
1285439965531439104
1285439024744849415
1285437160997498880
1285433822813868032
1285433801942999041
1285433776718389248
1285433685760778241
1285433488154537985
1285433215235260418
1285432933063548930
1285395319363194880
1285319712549875717
1285304998956601346
1285294658495619075
1285271984029470720
1285268015135825921
1285263208845017089
1285250877675233280
1285240959752712194
1285232266936025094
1285220977492799488
1285211956618694656
1285205945413521409
1285205845983338499
1285204059071246338
1285203103999025152
1285198982168350721
1285196470539485185
1285186765385596932
1285185061864837120
1285184336401256449
1285183794094301184
1285180970484862978
1285180571669463045
1285179868095930368
1285177897423187968
1285176659612774407
1285176054177574912
1285166845939593216
1285166844261826569
1285156225387237376
1285154023662911488
1285151204331458561
1285149823021330432
1285144682801115136
1285133578020564994
1285130689332105216
1285125539888496640
1285121656982327296
1285120810848522241
1285119140873764864
1285118485702549508
1285118317922004993
1285118306505109505
1285118238167359488
1285118223373996032
1285118183083511808
1285117560451665921
1285112184692002817
1285105996097097728
1285103603557060609
1285099075231154178
1284875276623675392
1284619901014024192
1284580554491428865
1284560982417846274
1284108413488836611
1284095558861365250
1284094773897420800
1284094350515994624
1284023540845551617
1283769793322131460
1283723520242057216
1283496738964242434
1283481207154659328
1283458183315566595
1283394647214235648
1283393586789261314
1283354816622862336
1283283816329760774
1283260862904651777
1283163949026942978
1283145093340450816
1283084572880711685
1282946222966349824
1282908219636162560
1282908013209190401
1282908009463783424
1282899973147852801
1282854258384216064
1282854138695516171
1282781623281422345
1282776659482075137
1282775711904944133
1282768478190149633
1282765067818237952
1282762177569607681
1282759859516125194
1282757694600941568
1282751584632557568
1282748469833347073
1282747225928536067
1282745548362125312
1282743984834727938
1282742593793794049
1282741355236794371
1282740802268135424
1282739352880263168
1282738880886845441
1282737332651687937
1282735811117686785
1282735596021088257
1282735321030033416
1282733963870711808
1282732284043497478
1282732184693022727
1282731800738103298
1282731779439448067
1282731626703847426
1282731164504150022
1282730891006140418
1282730641608577024
1282730278969118721
1282730106306404352
1282727120519802880
1282724674137460740
1282707889962934272
1282706324179099651
1282706313370361856
1282705981114376194
1282705412861681664
1282640165815582720
1282637168209530880
1282373365760774148
1282271161532010496
1282252111535800320
1282250889038901248
1282250107472183296
1282249180409462785
1282055598448705537
1281956599658098689
1281932793249968130
1281911995252408322
1281906515771785217
1281906513989312512
1281906512697462784
1281906510138875906
1281842678938779649
1281823180064268288
1281823062988554240
1281789150069391360
1281699973558566913
1281666751965667329
1281649584926863367
1281649465355431937
1281649457331748864
1281626262067466240
1281604295423598592
1281593182346711041
1281592718414749696
1280628164054716422
1280411819111256064
1279617619600060416
1279616120924729344
1279490630994014208
1279490629391781888
1279490628041289729
1279490626745249794
1279408833220292614
1279392366344974342
1279392146584264704
1279349473140002817
1279346852232441859
1279344981745033218
1279187062655266816
1279185286480769025
1279177565643685889
1279176354521427968
1279058819457433601
1278971005860491266
1278966764324433921
1278961768623153152
1278943779169415168
1278913861215834112
1278913810074611714
1278880261267091456
1278847247808172033
1278836924854276096
1278826284387373057
1278814099514822659
1278811995647639553
1278810684399030272
1278809699975118848
1278807675569127425
1278805512205852672
1278792343202783233
1278770806827474950
1278760349681008640
1278758770852724736
1278756584873775104
1278754273405386753
1278754253532790785
1278752475101741056
1278751319348699136
1278749300617547776
1278740588284850176
1278736180746555394
1278731420345741313
1278712775519416320
1278712615716470784
1278712181727649793
1278710656380948481
1278695264916815874
1278694959537950723
1278694228651053058
1278694184157876224
1278690948130750464
1278690076998983681
1278689976121688066
1278689764888248326
1278686576978034688
1278686232076341250
1278685360843825152
1278682457215287296
1278658942177087488
1278652233232547841
1278648340394266624
1278646703999066114
1278641350037041153
1278638888446197761
1278636177919270913
1278632900423008256
1278627952515846144
1278627681928654848
1278626618613866496
1278626365881888769
1278625677810577408
1278623124230111233
1278622593818525697
1278612577845686272
1278609813866455040
1278602267545960449
1278599561850826753
1278592576015208448
1278586718644580352
1278585599843356672
1278582755627020289
1278578701102350336
1278573798275657728
1278570720847675392
1278569742043885570
1278569435712847872
1278568592011743232
1278567672251330561
1278567012403417089
1278565553121234945
1278564995018694656
1278564331370749952
1278563422116995072
1278562976585392128
1278562952270901248
1278562335305728000
1278562039720525824
1278561448759906307
1278561414093901824
1278561335375286272
1278561112397697024
1278533096112078848
1278446447252340736
1278445477936193545
1278443749991952385
1278442867619495937
1278438741871333378
1278438082509975553
1278432838895972352
1278432209855283200
1278429986219794433
1278428432729341952
1278425679550431232
1278394105551360002
1278384928003145728
1278384526939566087
1278383413326733316
1278383241246973959
1278383126377619456
1278382673640271875
1278382625959403520
1278372501110820865
1278369083302596610
1278363106415083527
1278362284541259778
1278344532199948289
1278342987282550784
1278339661627359232
1278338336491438080
1278331644487905281
1278329118912909313
1278318243393003522
1278316685926313989
1278316308002680832
1278315842384560128
1278315377030725634
1278315309800345602
1278315072687833090
1278314720005668864
1278314704075620353
1278312891901513729
1278312024351571968
