1311445474411511808
1311429786988941313
1311413863854813197
1311401476821069824
1311400379821817859
1311398800255332356
1311394448916582400
1311389291780726784
1311385025275990017
1311376159628722177
1311371961499516928
1311368980389662720
1311364726681751553
1311363053934522370
1311356564759097346
1311356029813370881
1311355304718860288
1311350442958360578
1311347946735181825
1311345295280627712
1311336838435606528
1311329352114753538
1311320408847790081
1311314382018744320
1311314249487134722
1311309396090200068
1311307038480363528
1311305841224671232
1311301541744312320
1311301313695821826
1311300505373675522
1311287930456072194
1311287814294732801
1311286109956120579
1311211105415499777
1310965078997577735
1310647890189185032
1310643916593672199
1310594851491246080
1310587937520840704
1310531308628717569
1310508119349506048
1310449996551127042
1310172774674112512
1309769407846133762
1309687777127288834
1309617219656183810
1309595881059037190
1309591944985706496
1309590263996846083
1309590186288918529
1309553525098242049
1309544804100042755
1309528332766269442
1309484954863177729
1309481901971976193
1309468815802208257
1309439694061678592
1309439143349493762
1309403037581152256
1309258702063632384
1309249194775973890
1309246693024714753
1309221403250569216
1309215131684012032
1309214913513086979
1309213664319344647
1309212987211874306
1309212636526137345
1309212376416292864
1309212114687528960
1309211815642107905
1309211225188962307
1309070659868336130
1308834132953366530
1308824855756898305
1308821889578610688
1308750241521381376
1308728737303851010
1308711003044052992
1308707047660302336
1308658309973659648
1308639224183296002
1308635553378770945
1308634263227691012
1308621941272719360
1308605472874942465
1308577255480791042
1308574089708277761
1308533944355303424
1308528415981613056
1308518629642842118
1308517106506489856
1308515174815608837
1308514568835133440
1308513777940344839
1308512650939244545
1308512556462608386
1308507013580836870
1308500362991726592
1308445091711848453
1308437916499279872
1308402497283936256
1308402495492952066
1308392743136309248
1308172310151598080
1308101477056098304
1308101090559361026
1308094559667314689
1308087947653271552
1308029252932194307
1308019917472497664
1308014106738413569
1308014097020092418
1308014087943712768
1308002490819006464
1307953467215020032
1307931511459581952
1307919022307119104
1307819245317902343
1307804551475539968
1307790142715891712
1307780059789488131
1307779466186424327
1307773700641640449
1307766877582774274
1307760380505214976
1307750382551080961
1307742906330083328
1307740564490801153
1307731769530212352
1307729647837351937
1307720102280933378
1307719536318328834
1307717908169187328
1307715532259504130
1307713924851265537
1307711789682040832
1307708823638081536
1307707710809538560
1307707500595154944
1307707440222400516
1307695688785047555
1307691261256699907
1307691029664063489
1307685956275798018
1307674601934270464
1307671085270339587
1307665189979017218
1307660986296532992
1307659030186397699
1307657735316672514
1307656687353032705
1307656435891867649
1307654618369982464
1307628847752458240
1307618219369336832
1307616423976599552
1307615568091123712
1307613998293102593
1307613773650366465
1307613372075122688
1307612978917801985
1307610987592388609
1307590404418744320
1307588875758579715
1307572357196926976
1307561655379922944
1307438976622620673
1307438350660497416
1307436793730605056
1307432250389204993
1307431986630451201
1307425534905905152
1307424169165029377
1307424117012955138
1307423412214738945
1307410573668356096
1307379535965564934
1307337867732176909
1307336589698162689
1307307884179578880
1307299931586211841
1307293777883811842
1307290569408946176
1307280935059103744
1307278902834860033
1307270453178888192
1307270125175930881
1307268719563943936
1307264198376935424
1307264151107100672
1307260585374081029
1307260584061210632
1307260515245228032
1307260047668502528
1307259830952955911
1307259457718681600
1307259284137414656
1307259243528163330
1307258144935075843
1307257607258804225
1307257557023682563
1307257541643173894
1307257211824074752
1307245250407206912
1307239795094179840
1307203312350113798
1307183530242379776
1307170534606737408
1307071525854613509
1307062148040994817
1307043596080615425
1307042930516021250
1307035576407937026
1307033677319360520
1307032028454563840
1307027456042455040
1307025543498534912
1307025290573512704
1307024353469575169
1307023387282362371
1307022893784629251
1307019676149518337
1307014583392051203
1307004548133912576
1307004068100009986
1306994275847204864
1306991252408328195
1306987150001541121
1306986289410060289
1306985132138602497
1306982852811280391
1306973524586909698
1306973172424732674
1306972099362394113
1306971626358083587
1306971329044807680
1306970453249060865
1306970329407868935
1306969577172197377
1306969405377728514
1306969300020977664
1306969102083403778
1306959311109844995
1306937398580912128
1306911739003506689
1306894533578362882
1306873741654331393
1306869701927198720
1306869495349346306
1306866338317635584
1306864761850691584
1306861520245207042
1306856678755913729
1306853732232163328
1306852779953188865
1306848023532703744
1306842917550481408
1306838520519065601
1306835693667221505
1306834227372134400
1306827194761654278
1306825009764143110
1306817299190624257
1306815510747770880
1306815192773341186
1306803984276041729
1306800683606315008
1306784630998208512
1306748781061341190
1306747345149849600
1306736099834974210
1306734531203002371
1306710644499062785
1306705756377550848
1306698953132519427
1306697840803143681
1306697212051812358
1306695678463180802
1306694964085219328
1306687906837344259
1306687126994591748
1306685269131882500
1306684282589585410
1306684242684973056
1306684169985105925
1306682600354914304
1306681798802526211
1306681318177148928
1306680631317889025
1306679721330122752
1306679576664440832
1306678886441385985
1306678748067102721
1306677957986070529
1306676383381368832
1306676282302832641
1306676237360824320
1306675565374705665
1306675246339063810
1306674399173578754
1306666022049587201
1306646578069991429
1306644263187476480
1306640347322298368
1306629452093366273
1306605976552984579
1306603589528432640
1306601979209297922
1306601414383136768
1306601110015299584
1306598836111126531
1306597820510515200
1306596217871187969
1306593994881679361
1306588000839557122
1306585640063176704
1306576514587258885
1306571072188362757
1306571030400466945
1306571014860611585
1306567995355996160
1306564830669795334
1306564755751043075
1306564156343148545
1306563788951388160
1306563446662717440
1306563420318322689
1306562811686985728
1306560446502236161
1306560177211138049
1306559659780825088
1306559614528434177
1306558849063751680
1306557509507964928
1306557412678291458
1306557270902345729
1306556385996537857
1306556294615257088
1306555798554898432
1306555797334355968
1306555795975352330
1306555794759049217
1306551284930142210
1306551221822664706
1306550692539019268
1306550449718407168
1306548438306177024
1306541236799627264
1306541038891225090
1306538517498155011
1306537644482994176
1306537473519083520
1306537403402858496
1306536493406654465
1306534627524317186
1306533934939996161
1306529985956638720
1306525045444018179
1306525013185564678
1306524334077415426
1306520901870026754
1306520052905242625
1306519618987724800
1306516972759285760
1306516970993586176
1306513759729586176
1306512591540363270
1306512238975561728
1306510960824406018
1306510411546624001
1306510101356990464
1306509641699020800
1306503378923597824
1306502621105188864
1306498184596926464
1306496595295432705
1306489523422068737
1306482785432096769
1306475012451438592
1306471042270011392
1306468944702779393
1306467017306841089
1306461723646451713
1306453052665274368
1306449329633329152
1306442775186092034
1306440768425537537
1306439160815931393
1306421222381621248
1306417186681098240
1306416600678051843
1306414033835298816
1306389634071617536
1306384765810073600
1306376782615019520
1306364604151365632
1306361812296888322
1306361232535027712
1306359557338300416
1306358706179801088
1306358468115398657
1306358366218981377
1306349899991187457
1306348941349466112
1306343966997123072
1306340747709480968
1306339046218752000
1306338864852881409
1306338386043600896
1306336608808038400
1306336436086624264
1306335413490114566
1306332141903663104
1306328872657522688
1306328405630218242
1306326844111835139
1306326373544402944
1306325418438529024
1306324039732989954
1306322973591244800
1306322218671104000
1306321967822319617
1306321582156120066
1306320355162816518
1306319552037482496
1306318573271482370
1306318500575797249
1306316200637497344
1306316039781863424
1306315316469927938
1306315268206071809
1306313441611780099
1306312571776102400
1306311475477311493
1306311243003768840
1306310917613858822
1306310122277351425
1306308776878891009
1306308675921944577
1306308609534459913
1306308560767381509
1306308145241821191
1306306259973484551
1306302199518068740
1306300591447117824
1306300236642607105
1306300143428304897
1306299102867619843
1306298836386803712
1306298657768079361
1306297316639465472
1306295774020612097
1306295500426149888
1306295430389657601
1306294770315206656
1306294611254612064
1306294367263522819
1306294298552475649
1306294195221561344
1306293698410565637
1306293637949652992
1306293562263339013
1306293422140133378
1306292940046770177
1306292635901067266
1306292443306954752
1306292201492819980
1306292165077872640
1306291930259652608
1306291906092109824
1306291741386051586
1306291701582049280
1306291552810160129
1306291465144938497
1306291439882698753
1306291228816834560
1306291171237466112
1306290961484521478
1306290763400204293
1306290478296563712
1306290114839093248
1306290026146398215
1306289934618243074
1306289915785818118
1306289853932408839
1306289819992182784
1306289800782241793
1306289776866320384
1306289755882168321
1306289755169193985
1306289734390550538
1306289708331347968
1306289681508773899
1306289579482329088
1306289576621879297
1306289569730621442
1306289562738724865
1306289485030846465
1306289468584931333
1306289462369046530
1306289408442855430
1306289319200657410
1306289127344803840
1306285530787852291
1306284235276328961
1306266568687583233
1306265980042182656
1306265765285425152
1306261701747187714
1306247034639441921
1306241852123885568
1306238996608147457
1306238421397106688
1306238164667957248
1306236967298961410
1306236340221161473
1306236218183745538
1306235262704517121
1306234517250805760
1306233880123449344
1306230924124786691
1306230241615020032
1306229735962238976
1306221087580094465
1306220873196736512
1306217400996712449
1306217069533429760
1306215259129212928
1306213874677489665
1306205357749002240
1306198061614497792
1306197062703370240
1306196635647705090
1306196158197440512
1306194426360926209
1306194270760640519
1306189651401637889
1306187317477019648
1306185752020226053
1306184000441126912
1306183215770677248
1306182886433992706
1306182561694126080
1306180978176598017
1306180417507258370
1306180123973091329
1306167312626659328
1306162457614974976
1306160059941036034
1306160004014186496
1306157702490533888
1306157419882598402
1306153349092388864
1306152475632775168
1306144719064498178
1306132805647314946
1306132751603699712
1306128778972856320
1306111963479576577
1306102990726721538
1305998336776982531
1305977782044962823
1305946267596578818
1305923505570054145
1305917901355053059
1305917130936922113
1305916521995149312
1305905286557896706
1305902963832037376
1305893135814463488
1305887287973208065
1305882880896311297
1305880354213961728
1305877742639034375
1305875782208598016
1305875659185696769
1305872698208382977
1305867841829306368
1305867223102353408
1305866871867158536
1305864936464285699
1305864412893511682
1305864262624182275
1305863607880749056
1305863606844694530
1305863488980611075
1305863276975263744
1305862990990802946
1305861552965332999
1305861462821404673
1305860033452945410
1305859172983091200
1305859168675524610
1305858099945840640
1305857944202997760
1305857369688211456
1305854205404557312
1305853953599569920
1305852160576573442
1305847146613272577
1305844279735209984
1305805751324160005
1305762460276789248
1305760720978673664
1305748160506101763
1305740702752673795
1305712719375609863
1305710470813429766
1305616348307951625
1305613049290731528
1305607852304863236
1305605678787108864
1305605042632876039
1305604065561370625
1305603862062129156
1305592508865556480
1305586004615671808
1305579409420816386
1305578730081996800
1305571973272080386
1305563272230338560
1305563068366192640
1305559835077902336
1305559262266036230
1305557453401096195
1305547693020925952
1305544542377119745
1305543592916770816
1305537366678011911
1305533400774778881
1305530533200494592
1305529734600830976
1305522381629382662
1305511326308012033
1305509543766642688
1305508146417414145
1305479294311952384
1305479059216969729
1305467368940896257
1305458059741888512
1305458032403517440
1305439111659040768
1305438966452232193
1305430729984180224
1305430614573830144
1305428788260601857
1305425907058970624
1305425902575202305
1305418446092611589
1305418126838898688
1305406963417833472
1305395216590032896
1305394938377572353
1305366377071607808
1305354719506960384
1305350702399717376
1305344616237944832
1305258309935665161
1305253205727641613
1305225489473253380
1305221120329646084
1305219514552942593
1305198937637298176
1305198626252165122
1305196728442916865
1305192403918356483
1305187679236173824
1305182865752313857
1305181609994444801
1305178854823268357
1305178853485277184
1305178850020777984
1305176162084311041
1305175772685111298
1305173445186117639
1305170548821983234
1305167291731120128
1305165368667889664
1305163270593089536
1305162348295061504
1305161008646942720
1305149667718635520
1305149318924509184
1305145645171384320
1305143899262988289
1305137479968870401
1305128449883942915
1305121512228360193
1305120133409640448
1305119421845864448
1305115519721385985
1305115049829302277
1305114683498782721
1305113409244082178
1305110654844571649
1305108821787004928
1305093108749807616
1305091346265444354
1305090939568914432
1305089010629517313
1305087616811962369
1305086539932864513
1305084987826470912
1305083649340170240
1305082650886131713
1305082389106958336
1305080997143359489
1305080455675498496
1305079846339567616
1305079607293550592
1305076116441444352
1305075691139018752
1305073624236412928
1305070436363964423
1305069668030394369
1305069067594858497
1305068839143706625
1305065456219443200
1305061425937821702
1305060680039649280
1305058978695729152
1305058461043097600
1305057805297233920
1305057595691020290
1305056729755987968
1305056374192312320
1305055708430454784
1305054326881169414
1305053955140005888
1305052755753660417
1305051318969659392
1305050479777517569
1305048502163181571
1305048356662767617
1305048253654880256
1305047664891957248
1305047312121704448
1305047224477511680
1305045685197254656
1305045334742237184
1305044051624947713
1305042707228786688
1305040421526163457
1305038845734510593
1305038647083839491
1305037743089737730
1305036775224750081
1305035951220162560
1305034651405357057
1305033883931627520
1305033070798610432
1305030813877186561
1305025435361828864
1305024735600947204
1305023440307605504
1305020741268762629
1305004227450855429
1305002843544395776
1304987996467482625
1304941943370194944
1304940723540819969
1304909067161403396
1304895390131654656
1304893578402041858
1304884592885854209
1304882695856586754
1304880896823250946
1304877262668521472
1304876716368818176
1304876193234251777
1304874735432589313
1304863313944350721
1304863313709404160
1304836187484565510
1304835783526842371
1304831972532006914
1304827871953903621
1304824762942840834
1304824379860283392
1304809037649842178
1304808900680650753
1304805627286499330
1304805583577665536
1304803414405152768
1304800447107149827
1304798109814460416
1304797811180011522
1304796678638178305
1304771296912441350
1304763940623339521
1304711059345899522
1304692830322012160
1304684756374892544
1304679830882050048
1304674932958388224
1304672876327444481
1304666092644831232
1304660706026049536
1304654992306065408
1304640832264441857
1304545072600551424
1304532751476031490
1304527658177441792
1304527332141600769
1304521696351748099
1304519950078554112
1304518358969257991
1304513841166983169
1304416405576712192
1304415946363285504
1304415656289464320
1304392575802052608
1304363661184700416
1304362079139360768
1304360706788163585
1304354498937315328
1304329628140666887
1304327672802181120
1304322773846642688
1304319530395607040
1304312612629483520
1304306941200666627
1304297435469148161
1304292170929639430
1304290076541808640
1304283612586692608
1304282025202012160
1304276244779773952
1304273038435856384
1304264627749089282
1304261604142448640
1304186748302434304
1304186026974498817
1304176625823756295
1304174568026836994
1304166766457749505
1304159689517785089
1304154090197450764
1304144301602099201
1304144200221548548
1304141340322787328
1304139813235372032
1304126423632879616
1304124843890298880
1304124289776525313
1304123654062649346
1304122468387479557
1304122349101424645
1304121452313051138
1304120337114771463
1304119739392942082
1304117452524093442
1304116175555747840
1304116022761398273
1304114644366372867
1304114617988325376
1304113670918746114
1304111140402794497
1304110425039163394
1304110228846379008
1304110017730277381
1304109812674891778
1304109102012956678
1304107440024236034
1304104258279743493
1304102579241136129
1304100903167954947
1304099124443258885
1304099003521470465
1304098778534862851
1304093967542296576
1304093481594482688
1304092699159670786
1304092518229987328
1304092268488347648
1304090551122362368
1304089409323757570
1304086083823697930
1304082270391762944
1304079687245758470
1304078121025634310
1304077836588855296
1304077689079377921
1304071811349520384
1304070395054743552
1304070050203275267
1304070039562321920
1304068724236972032
1304066706332176385
1304061575586811905
1304060387592200194
1304059420910006273
1304053346907586563
1304051981330374656
1304051874975436803
1304050997766115328
1304049561925812225
1304047407752249345
1304047382187978752
1304045794929057794
1304044389120061441
1304043062046449664
1304042109561962496
1304041792384495616
1304040500132040704
1304036102370713604
1304035405000577025
1304034757433528320
1304034357808713729
1304033492943228929
1304032609933164544
1304032578349993985
1304030669841010691
1304028120001974274
1304027783828512770
1304025748810891270
1304025338725498885
1304025055962202119
1304024482789588995
1304024333522788359
1304022559420305410
1304022487982903296
1304021011801747457
1304019378418208770
1304016288969371650
1304015494496825344
1304015426913959937
1304012398425239554
1304012062901895168
1304011430946103298
1304010991936720896
1304009932904202241
1304009190659297281
1304008375219433473
1304008074009751553
1304007613009604610
1304007014239145985
1304006962363928576
1304006486654357505
1304005282012557312
1304004422477979648
1304004371706007552
1304004039798030336
1304002768307445760
1304002076666716160
1304000553232498690
1304000331060256773
1303999952901857281
1303999820550594566
1303997175366647810
1303997174603280384
1303996368839749632
1303994075654361088
1303993447863521280
1303993406738239489
1303991423675576322
1303990692281290752
1303989705323753472
1303988970762776578
1303988951603187713
1303987511388246017
1303987260761702400
1303985884254138368
1303985875253161989
1303985742293733376
1303985639424172032
1303985617097969664
1303984899733573632
1303984507775791105
1303983599876792321
1303983490376007682
1303981845701427204
1303981683872616448
1303981434458300417
1303980981871874049
1303979534530863104
1303978782647357441
1303978518418788353
1303975644926218240
1303974979567001600
1303974520710148096
1303974372609331200
1303973823612678145
1303972870448656386
1303971904638902274
1303971846451269633
1303971733406441473
1303971509271228416
1303971442061725696
1303970897406160896
1303970357657899011
1303969064763744257
1303968935776260097
1303964994346811394
1303964888767893506
1303964228341071872
1303964198423138304
1303964085307035648
1303963688290914304
1303963587099136000
1303962629128548352
1303961405758959616
1303961216390397953
1303960634732818432
1303960575446323200
1303960249699831808
1303960221455351808
1303958821338054657
1303958561706455046
1303958004669321216
1303955898558185472
1303954712379695104
1303954348473544705
1303954049000243201
1303952371983306753
1303952244216393730
1303951425056256000
1303950738750664705
1303950372445224961
1303950197161107463
1303950125027463169
1303949942520717315
1303949056469856256
1303948394071830534
1303948116840808448
1303947673448460293
1303947583891673088
1303947330656391169
1303946985708363777
1303946778358755328
1303946684146372609
1303946152463806465
1303946079143165952
1303944912367476737
1303944773502414848
1303944707026935814
1303942646671593472
1303942558419214336
1303942011783966721
1303940169528233985
1303939958521180160
1303938315012509697
1303928021800439809
1303925017697189888
1303923617185566722
1303922690760339456
1303921227560554496
1303920935167295488
1303920866636464129
1303920335616700417
1303919709700722695
1303919520692797440
1303919389801148416
1303917638108803078
1303917336789999619
1303916453125529602
1303915647089487874
1303914768567328768
1303914753929211919
1303854211982032898
1303811943225069571
1303805892484362242
1303803407283761162
1303802330991734797
1303801603149922304
1303800182295990279
1303798209362485248
1303797889538326529
1303797117937426433
1303796913758707712
1303796547876982792
1303795628569505798
1303795311270264832
1303787210093858817
1303776518624116736
1303774419047849986
1303773220504506368
1303773142184349696
1303769362835345408
1303767278509490187
1303766370937528320
1303763927080337408
1303761455712436227
1303752522197237760
1303751056296488961
1303749643927523329
1303749498360000519
1303749456807026688
1303748149333327876
1303746197967065092
1303745216244002825
1303744793500147715
1303742879093919744
1303742036886118403
1303740935214428161
1303739224978530312
1303739089632464896
1303738999069171712
1303737923922206720
1303737588742840321
1303736420851474432
1303736171743281153
1303736037987045376
1303736028767956993
1303735725591007234
1303730380038639620
1303729475134382086
1303728279380164609
1303726366983061504
1303725861393379329
1303725541237940225
1303724857184710658
1303724247563501568
1303720959359082498
1303713308785217538
1303710434579623939
1303708655922098177
1303706965500190720
1303703937070051329
1303703515374784513
1303701290049056768
1303700796115169281
1303698313577889794
1303697066581950465
1303693984364212229
1303693974314586113
1303693527411560448
1303691775643705351
1303686545438904320
1303685264255090690
1303685167052136448
1303684769457242114
1303684306087313408
1303683200414294019
1303683094306869248
1303683036807155714
1303682813317840904
1303681948217466880
1303681476060471298
1303681226084093954
1303680962484752385
1303678119619026948
1303677732363141120
1303677510027223041
1303675536544280578
1303674711063355392
1303673701842456578
1303672636506079232
1303672451017080832
1303672196284456961
1303671780687646736
1303671264750563328
1303670775434616833
1303670202111062018
1303670042794622976
1303669821360439296
1303669739810705408
1303669079618859009
1303668385029541895
1303667897211006979
1303666252406091776
1303666186601861120
1303664902553436161
1303664890180235265
1303664381528608770
1303664245763174403
1303663233123979265
1303663079323054080
1303662980173901824
1303662407127097345
1303661839075639297
1303659658914287621
1303659541054337026
1303657132718469121
1303656921799577600
1303656413445660679
1303655574060650497
1303654073384800258
1303653450341912576
1303652773515452417
1303651934428106753
1303650251463630849
1303649301944565768
1303649241617829888
1303648899538784256
1303648798544211968
1303646440946835456
1303645541918801922
1303645386779877378
1303645355435753477
1303644958461759488
1303643924838391810
1303643212800765957
1303643139085864960
1303641854798368769
1303641329004679168
1303640736550850560
1303640647967092737
1303640544313307138
1303639710049415168
1303639310856527873
1303639254678097921
1303638815026880513
1303638805648416769
1303638748991811584
1303638710517456896
1303638661376901121
1303638594649812994
1303638539805089792
1303638510365282307
1303638488194129920
1303638208434130945
1303638183616405504
1303637763636555776
1303636680134582272
1303635300317573120
1303635068896899073
1303634234318389248
1303633818562310144
1303633472066650112
1303632822155063296
1303631034559467520
1303629319990849538
1303628446552207360
1303627394826240000
1303625099522834432
1303624713520984064
1303624034299543553
1303623770347888640
1303623424405798913
1303622270838079489
1303620633645940736
1303620585109565440
1303618942968254466
1303616856113242112
1303615392800288769
1303613897786765313
1303612873214693376
1303612794537947136
1303611828589780992
1303611347578621952
1303608965784363008
1303608879130050560
1303608624435138561
1303608314836799488
1303608158364065792
1303607582926548992
1303606343262179334
1303606109509484544
1303603209643098113
1303602589037191168
1303601909060841472
1303601234415431681
1303600569853059074
1303598432909656064
1303597460456120320
1303597256449425410
1303597146533515266
1303597140091043840
1303596650066214913
1303596638716465152
1303596557854539776
1303595683509923842
1303595029563404288
1303594495766933504
1303594472006180866
1303593947709739008
1303593906039328770
1303593401766612994
1303593109847187456
1303592364926283776
1303590574528884737
1303589458856603648
1303589255080542213
1303588623196008449
1303588236191846400
1303587224903127040
1303586842349101056
1303586795813208064
1303586614715781121
1303586517525372928
1303586370938695681
1303586188717105152
1303585245959258112
1303584964253036544
1303584725156667392
1303584369194528768
1303584174268391424
1303582937905012736
1303582475675987969
1303580556953878530
1303578145287745536
1303576903698309120
1303575467874816001
1303575054509379585
1303574792956776449
1303574099122417670
1303573456148221952
1303573099439370244
1303572972028952577
1303572928802574337
1303571330902749185
1303571270492139520
1303571183359725568
1303571108050984960
1303570264811343872
1303570125501726721
1303568099556364288
1303567524898930688
1303565631749525505
1303565486387535872
1303564590358376449
1303564550911000577
1303564159758536707
1303563427605078016
1303563316418277376
1303562068503785473
1303561827595542528
1303561821291413505
1303560509703311361
1303560232099033091
1303559853193998337
1303559581730320386
1303559015436365824
1303558994846535681
1303558803003244545
1303557915538841602
1303556824411574272
1303555914767757315
1303555732193894401
1303555651105435648
1303555225421328389
1303555006776344576
1303554745114734593
1303554107169542145
1303553213933719552
1303552854821666816
1303551691682349057
1303550631710543873
1303550345243701248
1303549321003008000
1303549098549809152
1303548774204280832
1303548514719367168
1303547989311598592
1303547719844270081
1303546722572959744
1303544700213886976
1303538212984557570
1303530514574442496
1303529804638158848
1303529437179400192
1303524801148080132
1303524682143072256
1303519814506299393
1303509036965548032
1303505595002216459
1303493115609862150
1303492916967616514
1303487998730866688
1303486612530135040
1303483800849199105
1303483294034599938
1303482185693966337
1303481802645024768
1303480738520727554
1303477598081622017
1303474381125976065
1303471719445864449
1303470660686053379
1303469856524775426
1303467711314497537
1303467668595519489
1303466130665885698
1303465773311176705
1303464957980348417
1303463536887242752
1303462726635847682
1303462481764012034
1303461287926673410
1303461045160292357
1303459787003305985
1303459004820197377
1303458431018430472
1303458418859143168
1303457294089363457
1303456300353892356
1303456071084904449
1303455888427094018
1303455726598336520
1303455226612113410
1303455189429637120
1303455175240232962
1303454779327369216
1303454237037387777
1303453848984576010
1303453647922253824
1303453301984370689
1303452703222312963
1303452136336953350
1303452056112508933
1303451372822638599
1303451333794697224
1303451258519539712
1303450573338021888
1303449766727221249
1303449366586327043
1303448334049456129
1303447284844244992
1303447015481843717
1303446825702129667
1303446270082723845
1303445481360588809
1303445119174148096
1303444700582510592
1303444686741417984
1303444529081724928
1303444208242565120
1303443515532345345
1303443352810119168
1303442963389915137
1303441750493745152
1303441663134765058
1303441564509835265
1303441520121597953
1303440875196997634
1303440303068676106
1303439938915049474
1303438714480275458
1303438518404943873
1303438424389627904
1303438290239053833
1303437537680265221
1303437206699335681
1303437137543655425
1303436657178353671
1303436420959399937
1303435683806224389
1303435670199898113
1303435155596550144
1303435151662362631
1303435148982136832
1303434937903714305
1303434617974906881
1303434386562592769
1303434307009163264
1303434144568020993
1303434077643702278
1303433971263569920
1303433699107713024
1303433151704952834
1303432908863086594
1303432288001196034
1303432074356051968
1303431677453238279
1303431498452922371
1303430995899822080
1303428825502580737
1303428401001267200
1303428386631684097
1303428191915253760
1303428182834642946
1303427522068127748
1303427036346753026
1303426685254209538
1303426519352643590
1303426423236030465
1303426312003031045
1303425924206153730
1303425744102723585
1303425393194659840
1303425373724700684
1303425224122216449
1303424146139951111
1303423588171747328
1303423324140249088
1303423234055036930
1303422807007784965
1303422658026123264
1303422401921908742
1303422137047355392
1303422078637535233
1303422073046552577
1303421866716127237
1303421857031389184
1303421765092364290
1303421539400941569
1303421499920060417
1303421412900831236
1303421273922572288
1303421245111840769
1303421186143973378
1303420177720188928
1303419551204376576
1303419009593995265
1303418989285122051
1303418363776045061
1303417471391739915
1303417225819426817
1303416806347026432
1303416355291648005
1303416272680636423
1303415993084063745
1303415868240654345
1303415786703400970
1303415492259057670
1303415309148151808
1303415245180993536
1303414137414975496
1303414044431450112
1303412988729339905
1303412827563200513
1303412339530706952
1303411471595057153
1303411219299217410
1303411217881534464
1303411136356900872
1303411062478340099
1303410905980567552
1303410566069981191
1303410131137376256
1303409759010328581
1303409402536431623
1303409355790921728
1303409333959618560
1303408727538708483
1303408306501943298
1303407279232909312
1303407169623281671
1303406972490993665
1303406491144269824
1303405629214687235
1303405274678652929
1303405274129149952
1303405031224377344
1303404905206407168
1303404516801478656
1303404503534899200
1303404478553567232
1303404446647545856
1303404272638459904
1303403745724837888
1303402577451790337
1303402527749222402
1303402471574966275
1303402099733147657
1303401619476881409
1303401507283439622
1303400908051619843
1303400896005656579
1303400658649985027
1303400611342438403
1303400586763792386
1303399990887411712
1303399393656274944
1303399256997408771
1303399240618708992
1303398982329282560
1303398755224481793
1303398719543541762
1303398711251406850
1303398441763172360
1303397570937589762
1303397382760075266
1303397276086341634
1303397165289680896
1303396770475642882
1303396287354679303
1303396254777475072
1303396193817550848
1303395634507022337
1303395507268714498
1303395467494125569
1303395237864275974
1303395166531866624
1303395108616843265
1303394758690254853
1303394519057084417
1303394298847735812
1303394265817546752
1303394089073864704
1303393595567865857
1303393522930900994
1303393445629878282
1303393351773892609
1303392402863017985
1303392395275493382
1303392180975931392
1303392147740164098
1303392062751019008
1303391976642039808
1303391932626997248
1303391577717473281
1303391370393116676
1303391097331363840
1303390785845555200
1303390702253027330
1303390188983463941
1303389934196264960
1303389725840080897
1303389663311409153
1303389468804681728
1303388944160223233
1303388897435672577
1303388646637219840
1303388464004640779
1303387321975427073
1303387264005922821
1303386802728902656
1303386552513462273
1303386538135498753
1303386105933369346
1303386017131630593
1303385883308175364
1303384863798681602
1303384583489163265
1303384316571979777
1303384279838347271
1303384273513254918
1303384006747193351
1303383847892123650
1303383845451038720
1303383837884510220
1303383556048056321
1303382682798301187
1303382457123778562
1303382127027916800
1303381953643778048
1303381952981073925
1303381949260664833
1303381540664209409
1303381458992664576
1303381445239549954
1303381362813083649
1303381212959047687
1303381110802575363
1303381052854071298
1303381036664000512
1303380991453671424
1303380710707867650
1303380371581657093
1303379781052923905
1303379390445891584
1303378873632141320
1303378759672909828
1303378730715410436
1303378632858099714
1303378621659320320
1303378242338983936
1303378121442422784
1303377794429333504
1303377646273921031
1303377089761095682
1303376881882988544
1303376710419861504
1303376642014879745
1303376380986617865
1303375976768983044
1303375727149174784
1303375434575482880
1303375118111059970
1303374963043381251
1303374916700581889
1303374037180198912
1303374031727587328
1303373569259339776
1303373543439302657
1303373409364176896
1303373308403089408
1303372056713723905
1303372046727024641
1303371778664919040
1303371552994582529
1303371550138290176
1303371517468774401
1303371442403315712
1303371403882893313
1303371218138148864
1303371069068398595
1303371001401663490
1303370901568868353
1303370600489119745
1303370329105072137
1303370018755932160
1303369953475792896
1303369917736144896
1303369597194821639
1303369394190536704
1303369332353912832
1303369101256126464
1303368618512707584
1303368485494546434
1303368445845737474
1303368415021862913
1303368198654394370
1303368047667879942
1303367877895032832
1303367856063754240
1303367785846837250
1303367673246515207
1303367671136878595
1303367508817252353
1303367438113951745
1303366655456804864
1303366639103234050
1303366597646708736
1303366544039215104
1303366199191969793
1303366065037217797
1303365850838306816
1303365620302569472
1303365615630135302
1303365112066191360
1303364963617124355
1303364899951828994
1303364805009584129
1303364754577264646
1303364699375968257
1303364664596852737
1303364616572014593
1303364581662822400
1303364424858828804
1303364214225014784
1303364082247008257
1303363847902855178
1303363727551537154
1303363685705023488
1303363652016386048
1303363593434472448
1303363572588834818
1303363537553764353
1303363493958217728
1303363296020574213
1303363093800652800
1303357462876217346
1303356788843175937
1303356439533105152
1303355815680790530
1303355557802319873
1303355019295686660
1303353251442626560
1303353052775186432
1303352228464463872
1303351012632211456
1303347753108602880
1303347281966632962
1303347130505986051
1303347013526974464
1303345601241853953
1303345007173214209
1303344592218136576
1303344486811160576
1303344336936095744
1303343983259779074
1303343890964058112
1303342702235471872
1303342678395047937
1303342671562452992
1303342563160711168
1303342293370449920
1303341703357763584
1303341598349111297
1303341017622556679
1303340960982732801
1303340570660810753
1303339838716948480
1303339533287727104
1303339281134518272
1303339273932996610
1303339195541450752
1303339065803247616
1303338631919263747
1303338355883679746
1303338138153123840
1303338119081660417
1303337904857645056
1303336542539309056
1303336510306033676
1303336417679020032
1303336270832324610
1303335650033360896
1303334513708347394
1303332954463260672
1303332475222056961
1303332304497127424
1303331483109724161
1303331119681634304
1303330679422431234
1303330176114274312
1303330122590806016
1303329892960997377
1303329448775815169
1303328493036621824
1303326654698262530
1303326546233618432
1303326536645386242
1303326534078525440
1303326122009079810
1303325898716991492
1303325839283630081
1303324192130162689
1303323232129425409
1303323113871081474
1303322980282503170
1303322490865844224
1303322472377470978
1303322101789741057
1303322057216790533
1303322017450676225
1303321882167578630
1303321878078148608
1303321372932943877
1303321178245943298
1303321175490277376
1303320787257044992
1303320702603407360
1303320647809085447
1303320540929839104
1303320256665001985
1303320251816464384
1303319949881085952
1303319821585612805
1303319677754576898
1303319631705317377
1303319620259139584
1303319136081252358
1303318441152204801
1303318232762327042
1303317072097796098
1303315450550530048
1303315339917307904
1303312922907639809
1303312682423066625
1303311643703640064
1303311459523452928
1303309688709230593
1303308949765193730
1303308742214197254
1303308070102028291
1303308034572193795
1303307948219928576
1303307824970313728
1303306823139688448
1303306548186406912
1303305816540315650
1303304770300633089
1303302983569018882
1303302748318978053
1303302573424812032
1303302066195107841
1303301543559663616
1303301453059174401
1303300251084894214
1303299544709357568
1303299483124588550
1303299272075554816
1303299202181672960
1303299186687979521
1303298832487403520
1303298645878607877
1303298589473542145
1303296390982926338
1303296186850390016
1303296166805766146
1303295966833971202
1303295822201860097
1303295769269727233
1303295712936046592
1303295685819858944
1303295531473666048
1303295434790756358
1303294580629147648
1303294434612842496
1303294308372668416
1303294098397368320
1303293904805072901
1303293264221667330
1303293196856946688
1303293110211022848
1303292790634315776
1303292497289007105
1303290104933478405
1303289620348784641
1303288269577256961
1303288180523892737
1303287395765420033
1303286980487393280
1303286967866740737
1303286966696452096
1303286769362890752
1303286718934777858
1303286599170633728
1303286506019225600
1303286330336727040
1303286264288993287
1303284380048089088
1303282550236995584
1303280994955546624
1303277686102667269
1303276494299566082
1303275698124140544
1303271950828085250
1303271931911831552
1303269806049759234
1303268976345206784
1303268607640600577
1303268458810007553
1303268315960406016
1303268265255370753
1303268209123102721
1303268026024972289
1303267996681478144
1303267904620724226
1303143691977187328
1303063334359621633
1303063296455696384
1303053303639666688
1303043613316845569
1303039610499538944
1302929367849410560
1302855664608440321
1302783361790996482
1302749356743897089
1302749141626482689
1302708191810203649
1302701431930195973
1302691969546825728
1302630044355964928
1302622050809524229
1302323672775045120
1302309695840030721
1302268128185978881
1302198492182515722
1302183146570555393
1302137397732401153
1301997933190053891
1301992132480204800
1301991683756830721
1301971597247631364
1301969398039707648
1301964629116100609
1301958522003951616
1301947292233216000
1301939850753474561
1301938596023336961
1301938429358419968
1301921493673218051
1301913785070952451
1301875075134763010
1301842756021690368
1301838504536702976
1301835865858154496
1301835853333966850
1301833774691422208
1301432646539587584
1301420198440960000
1301386017468018688
1301382175737012224
1301356074323382272
1301268523470159872
1301266294558396417
1301264286053027842
1301240672331198467
1301228626378194946
1301225796284055555
1301221773925666816
1301219341132853249
1301163374110224386
1301163023114141696
1301159235749904384
1301157870147428352
1301152845366992896
1301152092170735616
1301139812041318400
1301137494587703296
1301130193004908544
1301111327914700806
1300833101757677569
1300740149165293568
1300706546733789184
1300674637077131267
1300673661909848065
1300671315255361536
1300653515199700993
