1276796486676815872
1276247118701826051
1275990751613202439
1274271480621133825
1274270046458707968
1274260953304051712
1274230529513213952
1274218220250112000
1274187908988223492
1274170072660049920
1274101200431046656
1274098064945557507
1274093176433840129
1274082585451339776
1274081842241683458
1274081556756344832
1274074296013467651
1274071856514039817
1274061013743255552
1274060835523043328
1274057769881141249
1274054967456866305
1274052437591183361
1274052368225763329
1274034517645447169
1274031347019976706
1274029726580039681
1274027177164537856
1274023114217832448
1274021445484544000
1274017232557953024
1274008098672345089
1274003931174187009
1274000836407037953
1273994912858624002
1273979526389866498
1273978996292816899
1273975389451366402
1273974693540909056
1273962735915732993
1273956164263436289
1273954008995151875
1273938870615318528
1273938640750686208
1273933478690721798
1273932027704770560
1273929815922483200
1273928213354426373
1273921926461865984
1273919727275061248
1273919523679240197
1273919236025528320
1273917150370181126
1273915953378668553
1273912735370285057
1273912196968448000
1273911856399294464
1273910862097657856
1273910254192021508
1273909673796816896
1273907159542177793
1273904993800765442
1273904272401403909
1273903886135447552
1273903562653872133
1273903348568199169
1273902037030363136
1273900964764844032
1273900321899716608
1273900295601434624
1273898730102628353
1273898596778336256
1273897710744150019
1273895225153519616
1273895196758020097
1273893467807154178
1273893041384894464
1273892173562462210
1273891577983877122
1273889328209580033
1273888299912957954
1273886359107915778
1273885981377249281
1273884170092240896
1273883682957385728
1273882987298459648
1273882731873779717
1273882690945724416
1273882587195412482
1273882174287228928
1273881465583960066
1273880817425620994
1273880240583032832
1273879099946254337
1273878828595638272
1273878251526553602
1273509296811266054
1273429095922237445
1273214616114532354
1273156266517544960
1273155523148419072
1273151489008185422
1273150288082472960
1273135468817850368
1273135282561351681
1273135218547982337
1272987721229897734
1272963278809989122
1272956015118434304
1272944431977713666
1272939494896001024
1272850456121954307
1272850400492900352
1272835154160082949
1272830608247607297
1272830357981847554
1272824253444952065
1272559372795863040
1272530313617510400
1272498808367321088
1272451659420008448
1272448099743653891
1272445251555405824
1272432446290702337
1272429837618229250
1272411385943797761
1272383717076545537
1272382736062459904
1272374681987940352
1272305801571569669
1272294203096170499
1272279540757417991
1272274122152738824
1272273798604021760
1272273423562092544
1272271079717908481
1272265026590646274
1272263631707783169
1272263385942499329
1272262732155322375
1272260910367866882
1272260572294328321
1272253454640177152
1272252855160799232
1272247643989848070
1272247446815551490
1272242915084054528
1272236356119511043
1272235192690847750
1272235155193806849
1272233287382155266
1272231826506035203
1272230564234436610
1272230422999638016
1272226642757406720
1272219580396646407
1272219484187701248
1272218912520916992
1272218445191491596
1272217694352351233
1272213937694670849
1272212617562599427
1272212001557708803
1272211996973453320
1272211754261626880
1272211063384268801
1272210837734854656
1272210675344052227
1272210411841036290
1272209239608627200
1272205155828510720
1272204713963016194
1272203680096358407
1272201372465840129
1272200212661055490
1272199202098032640
1272198863949103105
1272198459102244869
1272197710213505027
1272197252342317059
1272197004488310784
1272195863364931587
1272195453359177728
1272193965656363010
1272193809405882369
1272193738073411586
1272192215864020993
1272191693538934785
1272191343788523520
1272186424222273536
1272185507510976513
1272185379265949696
1272182306124562439
1272179851286450176
1272179602710986755
1272179449694433282
1272178369715679232
1272177773247897602
1272177714078810120
1272175261023436801
1272174114665627649
1272101113718870016
1272081813327011842
1272081612197552128
1272081392550150144
1272081244369702912
1271842527553912832
1271385371201409024
1271385106482106368
1271384407023259648
1271355522210582528
1271204748901912587
1271204060566294529
1268922458385592320
1268265233853939714
1267880795945000972
1267810991477161984
1267766597869023233
