1289249470585008130
1289248968686198785
1287341301072044032
1287330564824018944
1285866479498530817
1285852704187834368
1285843783658147840
1285828914087104512
1285828723565092864
1285828590509137920
1285813394734567425
1285813234344366082
1285809928859537409
1285246303702745088
1285229811284180992
1285151164028325888
1284875276623675392
1284808494449938433
1284032713201192965
1283991396559597569
1283393543931920385
1283357975659319307
1280961612787126284
1280917490969739265
1280893900631220224
1280882218949369863
1280877276754661378
1280430575862644738
1280118556844318723
1278638371959693312
1278570811247538176
1278438050746564608
