1256008769009483776
1256006557608882177
1256005752453464065
1256004946593558531
1256002846383898626
1256001200182431746
1256000967247421440
1255995349019303936
1255988664498356225
1255987372648550401
1255982769328529408
1255976247504535555
1255975569147269121
1255967339494989829
1255966904763678722
1255958365735272448
1255958085023170590
1255953435352018946
1255951798776537094
1255948668773060619
1255947836757344256
1255947829828337666
1255942909041479680
1255937645332611074
1255932642626863106
1255931544646168577
1255927703938764800
1255927286009905152
1255925853822881792
1255924760590114818
1255922316988559360
1255916557970092039
1255913070859300865
1255912639810715648
1255902143883640835
1255902126301200384
1255894727771262977
1255894686348316677
1255891063455330305
1255890040280006657
1255889317261647875
1255878218592055297
1255877599768670208
1255877476003151878
1255875986165583872
1255875540868792321
1255868602676391937
1255868504118624256
1255868500683509760
1255867939112304641
1255867439952400384
1255865932716662791
1255865216388272128
1255864734907236352
1255862221927854080
1255860908166963201
1255860861924712452
1255858143642476544
1255857884879036417
1255856948760604672
1255856536775254018
1255853642155995136
1255853192530800640
1255851895459139586
1255849417506160644
1255849299444936709
1255848684794916866
1255848534974308353
1255848221194289152
1255847245725011969
1255846237477244929
1255845964436422662
1255845959575142403
1255845551129669637
1255844771077271559
1255844736574906369
1255844391006146562
1255844376040869889
1255843922741465088
1255843884556582918
1255843828961095683
1255843761491513345
1255843676753989644
1255843196568993792
1255840536319201286
1255831203489427457
1255828270500794369
1255824827413344258
1255808387809452033
1255804444656140288
1255803697864609792
1255802571513528320
1255801814987005952
1255801339524898817
1255800925979017216
1255799776144248832
1255796661605072897
1255750588580708353
1255742356004970503
1255737230892642304
1255728139457695745
1255707641785040902
1255670818727694337
1255656843755638788
1255652553557250053
1255652249843503105
1255651193445105668
1255650791643283462
1255648837357776897
1255647336887443457
1255643405654376449
1255640419788107779
1255638238095650816
1255625804488245250
1255611252073738242
1255608562623156226
1255608192878419972
1255606515718860802
1255606472018464768
1255600825856032768
1255599015619592195
1255598977417871361
1255597665271918593
1255596938235437056
1255577752364867584
1255569165353734145
1255567973831577605
1255567590476349451
1255560484050395136
1255559589795332098
1255558713534005248
1255552359352188928
1255552221770645507
1255552013896757251
1255551263305015296
1255548727160430595
1255546979012218880
1255545162136248321
1255544250915266564
1255543779714650119
1255540507188645889
1255538575279521792
1255538533458219010
1255531950825246723
1255525789501657090
1255521940275683333
1255517316147826691
1255515836330246146
1255515508557910023
1255513033201405960
1255503364806381568
1255500254327209987
1255498051470442504
1255495882755235844
1255494950915112961
1255492981739663361
1255487391189676038
1255486710747746305
1255486112723865608
1255482758798999553
1255482575956725764
1255482312344481792
1255480442486169600
1255480125325533187
1255476624197332992
1255475434227208194
1255473808775012355
1255473120913305605
1255471835849908227
1255469570418257922
1255467520783515651
1255467467025104899
1255461991185092608
1255461877141975042
1255461792932933632
1255459825657446401
1255459260856782851
1255458433219940357
1255457996680892418
1255457813381419009
1255457777755074566
1255455689234944000
1255451125744091137
1255450582485270529
1255447798901866496
1255445699816230913
1255444504922017794
1255444450144407552
1255442760208994306
1255442754773176321
1255442727262728192
1255441758651142146
1255441475531399171
1255440756749320198
1255424107010756609
1255422711628738563
1255422670885326850
1255421444126842886
1255421042690068487
1255420976411656193
1255420215099379712
1255418698883567616
1255162342549204992
1255151454454550531
1255121846032351232
1254895220824702977
1254883360536702979
1254860091112730627
1254808328783478784
1254638766066712578
1254467662752690177
1254383403362848768
1254362146844094471
1254354618794024960
1254353917015662593
1254353866478493696
1254338599530749952
1254336743211491328
1254335124369522689
1254327912444067840
1254327537045508096
1254327095284596737
1254327020311453697
1254325263028178944
1254314038844063744
1254175891791523841
1254164407640358915
1254161277674496005
1254161259601244160
1254160388930834432
1254159891276668933
1254159402871001090
1254157257564184576
1254128776772038656
1254119380679524353
1254056502530277376
1254013491301756928
1253990444113047552
1253977491678560257
1253970720910200832
1253968298573692931
1253963275567587330
1253938964072992769
1253936944242921472
1253896301835624448
1253895812142321664
1253892815916072960
1253879028903292929
1253816543605121029
1253804401996808192
1253797255318056961
1253789260580356098
1253781639211241474
1253775666392248323
1253736977532358657
1253731784057118722
1253722095160307712
1253707303909548032
1253685224514506755
1253684737908015105
1253680596003500032
1253679257773060096
1253673138363215873
1253647733946224642
1253639483070787584
1253639249242607623
1253631984548696067
1253631281260363777
1253631264852246528
1253627675568214017
1253619868122963968
1253614304361943041
1253607778758930432
1253606897816670208
1253606446564020224
1253606381346848768
1253604963152007168
1253603942669398019
1253602728665927680
1253601718249627648
1253601232620605443
1253601167860514816
1253595957725364224
1253582638172028930
1253580064282812417
1253565829137956864
1253533693546844160
1253517178290176005
1253496415151632385
1253477680961511431
1253469557043408899
1253464991417667584
1253462621686304769
1253459871191707649
1253458806463438851
1253457948661239812
1253457929111588865
1253457883976609793
1253457518405304321
1253448673100533760
1253442890602295297
1253441564841574406
1253441377825939457
1253435120213614592
1253431741189984258
1253427900092526597
1253427375540322308
1253427102390468609
1253426477233631240
1253424270803271681
1253423508987670531
1253420078705434624
1253420076809641984
1253417123424006145
1253415127103094784
1253414383754948616
1253414282470948868
1253411921492996101
1253409338196025344
1253405168265289729
1253404986521849863
1253404899175522310
1253403778637856770
1253402832763527168
1253401063719346176
1253400177009885185
1253399812000690177
1253399771630403586
1253399321975885831
1253398737524793344
1253398242718560256
1253396564820856833
1253395443477819392
1253395435345063937
1253391890587832321
1253388701461286913
1253388170412130307
1253387466171650054
1253386548990693377
1253386471349915648
1253386432179310592
1253386369352773632
1253385594501304323
1253380291688828931
1253379619476176898
1253378938501574659
1253377974293999619
1253376407914373126
1253375127590440960
1253374566317113346
1253374131770441736
1253373640277721088
1253373199276027911
1253373196427907073
1253370717049163777
1253370498152574978
1253369052103413760
1253368145018060804
1253367867174780928
1253367832756154368
1253367786828595201
1253364043324313601
1253362932366413824
1253362147951869952
1253359661719465984
1253358956984053765
1253356449079726082
1253354073694392320
1253352934680809474
1253352900178436100
1253349426065784835
1253348779358597120
1253347838332993539
1253347638893785089
1253344140869480450
1253338184684933125
1253336009120509952
1253335729154830336
1253332603177861134
1253332301208936448
1253328988165922817
1253327304559783945
1253324660818628618
1253323814655516676
1253323445674274821
1253323421150142465
1253323411973013505
1253322609237737472
1253322088259055616
1253322035847139328
1253321453329453057
1253320015450800130
1253317593328267269
1253317273307066368
1253317020663283712
1253316247350984705
1253316234277519360
1253313766747525120
1253313596148285441
1253312081107058690
1253311006618591233
1253310920819986434
1253309740878376960
1253308989988909057
1253308189250146304
1253307816753889281
1253305194257022978
1253304391425294339
1253304160100986880
1253302970172792832
1253302943392161793
1253302910919815168
1253302549417013252
1253302389047730176
1253301379889680385
1253300528693620736
1253300449257586688
1253300440575340546
1253300101164019712
1253300083556339718
1253299944703787009
1253299587655380992
1253297906821615618
1253297600528371713
1253296866453852161
1253296172418174979
1253295902934122498
1253295784604381185
1253294260079779843
1253294118287138819
1253293558884372480
1253293509425201158
1253293420203966470
1253292620228562944
1253292032916930570
1253291601910206465
1253291289828786178
1253291236645122049
1253290873254817793
1253290772977324033
1253290744330272769
1253290416872607745
1253289311711252481
1253289099420749824
1253289069955690497
1253288968994652160
1253288965593010176
1253288835808743424
1253288835045343237
1253288712676442113
1253287856241508352
1253287590163353602
1253287550095101952
1253287303314911233
1253286261009330177
1253285806711635971
1253285699081682945
1253284892697337856
1253284758227951616
1253284427544879105
1253284043506028544
1253283773321445387
1253282896531599365
1253282491022151680
1253282451629182976
1253282167116967937
1253282090986192897
1253281960753061893
1253281943720001536
1253281939072655360
1253281824832466944
1253281814283763712
1253281784411885568
1253281673892036609
1253281381305798657
1253281119950307329
1253279550177456129
1253278765477761024
1253277723298017281
1253277570663145472
1253276784205987840
1253276346941411329
1253276074454265861
1253271710721290240
1253270467806408705
1253267656519626752
1253262651062398977
1253258830907158528
1253258697125568512
1253254920125497344
1253254685051543553
1253250602223599616
1253250599346483202
1253249560673243137
1253249404288602112
1253247550859235328
1253243128888385536
1253243063268409345
1253241536101441537
1253241375052660736
1253241370669715456
1253238874710708224
1253238299281498114
1253237953041707008
1253236665516244993
1253236520254930944
1253236407302316033
1253235677363306496
1253234710215626754
1253234337178320896
1253233267383336962
1253232823387009024
1253231640488431617
1253230874801422336
1253230676083650592
1253230640159436801
1253229533005840396
1253228580353556481
1253228565614690304
1253228322525450240
1253228298395582464
1253228180057534464
1253227530535960577
1253225898708480002
1253223398270013441
1253223101598502913
1253222970534887425
1253222334896517120
1253220818835963904
1253220638669574149
1253219522179477505
1253219446757392385
1253219037984763904
1253217995662528513
1253217630409887745
1253217410355728385
1253216140098244608
1253214873716219905
1253214272550842368
1253213784824578048
1253213045867843586
1253212938644619265
1253212882373877762
1253212572008034305
1253212373936222211
1253211678772285440
1253210881690910722
1253210626480013312
1253209316204720132
1253209301537218561
1253208847822589953
1253208637578850305
1253208613130297345
1253207393443471363
1253207261612253184
1253207213381910528
1253207026659930112
1253206860380987392
1253206382528135173
1253205803437350914
1253204353235722240
1253202270826741761
1253200696368906241
1253198981984813056
1253195274933108741
1253193395717242880
1253189063911276545
1253188341048193024
1253185836050452480
1253184109423349761
1253182898431315969
1253174348749381634
1253174131375443969
1253173857797779459
1253173016772648966
1253170388374339584
1253169375470850048
1253167664891154432
1253165774258266112
1253164957245595648
1253164796817571841
1253163364014006275
1253157322899304448
1253155422824992773
1253149542775697408
1253145374044368898
1253141841496637440
1253141218403454976
1253139112225378308
1253134950855041032
1253126844905291782
1253123099005988864
1253122572948037633
1253120754901643265
1253119740207337472
1253118158619267077
1253115158785916930
1253113573745754118
1253113200641482753
1253110764958777344
1253106021045809152
1253105922626523137
1253105264741548034
1253104682932883466
1253104540028678144
1253104342502182924
1253103472288976902
1253102921916526602
1253102867361091584
1253100139604062208
1253099721498992642
1253098789285629957
1253093344986705920
1253092361036615682
1253091652530470915
1253089873587814406
1253089712866308096
1253088545255849991
1253088429447041024
1253087999157579781
1253086176262582272
1253085534236348418
1253084950510919682
1253084879333535745
1253084514982780928
1253084247910502401
1253083437289873408
1253082234829111297
1253082195704647681
1253081743072116738
1253080937304293376
1253079851986300929
1253079540139778048
1253079533974159360
1253079427187122181
1253078946259898370
1253078286307033089
1253077833620078593
1253077403745869825
1253077161197604865
1253077089823207424
1253076942728937473
1253076121068937218
1253074136773115905
1253073760468578304
1253072161654345729
1253071270788431873
1253070706482515968
1253070486638034944
1253069889121783814
1253069844896940032
1253069425663754245
1253068233869004800
1253068223718834176
1253068211194560518
1253068082140123139
1253068020777463814
1253067884970094597
1253067315429728258
1253066949468266497
1253066549646196736
1253066211149086731
1253065908840542208
1253065563133353984
1253065485761032196
1253065295427702786
1253064858456768513
1253064852895084546
1253064442704789504
1253064168665755651
1253064060347863041
1253063917074554891
1253062974870298625
1253062945782759424
1253062796822052868
1253062702320226304
1253062060285583360
1253061900923023361
1253061340945690627
1253061316211879943
1253060844570775552
1253060353057067008
1253060193665105921
1253059767888732162
1253059596236832772
1253059562560802816
1253059285300502531
1253058226154766339
1253058185780486149
1253058122652045324
1253058069132607489
1253057938446565379
1253057880166719488
1253057636918009856
1253057524850479104
1253057371418570752
1253056985362247681
1253056856840380416
1253056298020753410
1253056190407458816
1253055250069704707
1253055209053528068
1253055079403446274
1253055064673062915
1253054822707838979
1253054709394538499
1253053743760801793
1253052689971384324
1253051498818347011
1253051359169064960
1253049871168397315
1253049676456214528
1253049320909279232
1253049197294694406
1253049122141007872
1253049098132951040
1253048266494750721
1253048198572236800
1253046292403585024
1253045838080770048
1253045813682585601
1253045014185328640
1253044932031533057
1253044262142390272
1253044178730258432
1253044108601495553
1253043955027128321
1253043837095870464
1253043828799528964
1253043662604263425
1253043529179422727
1253043444181843969
1253043413081038850
1253043199679094785
1253042928970272768
1253042260083707904
1253042049286356995
1253042016260435969
1253041972669022211
1253041763843006466
1253041676861550596
1253041414470017030
1253041335159926786
1253041276510973952
1253041146969894914
1253041086500614145
1253041047225204738
1253040967512449024
1253040941079937025
1253040844782948358
1253040810200911873
1253040577114931200
1253040349607612416
1253040014662995971
1253039883741995009
1253038920599732227
1253038785819967488
1253038455497592834
1253037955121324032
1253037785067524099
1253037161764569089
1253036949155254273
1253036837012193283
1253036587027480576
1253034894462275584
1253034679290212355
1253033958138359808
1253033800390631424
1253033760779534336
1253033581150158849
1253033106329739266
1253032686438035459
1253032337694171136
1253032298661974016
1253031959980314624
1253031821140426753
1253031512804667393
1253031484186939398
1253031309208883204
1253030688154140672
1253030607292170247
1253030300864647173
1253030124666175488
1253029969434943489
1253029960819912704
1253029824685322241
1253029661359124494
1253029271066591239
1253029025540341760
1253028864894341120
1253028602066632707
1253028508433031173
1253028309341835266
1253028176869101570
1253028143050391555
1253027984702877696
1253027847331106819
1253027204965060609
1253026708585881601
1253026687752777730
1253026210285748224
1253026134045995009
1253025408494317568
1253024595067768832
1253024467166650377
1253024058251378690
1253023017141239808
1253022108218687489
1253021193038434306
1253021181948710915
1253021165393711104
1253021086708613120
1253020306647678976
1253020081753329666
1253019563190599684
1253019561684873216
1253019439840231424
1253019004693774337
1253018851991789570
1253018076456648708
1253017580375326736
1253017571382738945
1253017519012614144
1253017328784195584
1253017294223089671
1253015055282601987
1253014873392513029
1253013416987557889
1253013334737158146
1253013263568207873
1253013144580108295
1253013012652400642
1253012266607353857
1253012057965944836
1253011070328999942
1253008425069543431
1253008143648505857
1253007721709871110
1253007676214251520
1253007263029252098
1253007008330104837
1253006598148063233
1253006245050621957
1253004405621882881
1253004227225534470
1253003508477054977
1253002579212210176
1253002353843884033
1253001721716015108
1253001356169936898
1252999935760502784
1252999663835373570
1252999442640371713
1252999222254637059
1252998432014376962
1252998403799351296
1252997726876434440
1252997705456115712
1252996348963688448
1252996154494722051
1252994882358202368
1252994652757778436
1252993989550186496
1252993819651571712
1252993793323909131
1252993222860816387
1252992915628056583
1252992579072860160
1252991315316486146
1252990832090759168
1252990516872044547
1252990329076232203
1252990009268932608
1252989627478179840
1252988879990390787
1252988865226383361
1252988431430561792
1252988134360522753
1252987763064004609
1252987449401360384
1252987074812293120
1252987051018006534
1252986513534726146
1252986396001918981
1252985110355423234
1252983072812908551
1252982967108014081
1252981192615436289
1252981012864385024
1252980893192531968
1252980298675113984
1252980279905587200
1252979967497064448
1252979857367146496
1252979853487419392
1252979423915184129
1252979407775506432
1252979053977636866
1252978840881815553
1252978002188808193
1252977130364944385
1252976760611917825
1252976505635966979
1252976451931996160
1252976316758069249
1252975568368422912
1252975550454468608
1252975504363270144
1252975336834445313
1252974980171804674
1252974501681340417
1252974491841572868
1252974467426537472
1252974455846055936
1252973956346281984
1252973930089975808
1252973804583825411
1252973407416864769
1252972565196419072
1252972140149780480
1252971626607583233
1252971102529355776
1252971079947161600
1252970818394558467
1252970680624218112
1252969253097082880
1252969229764214784
1252968918655918082
1252968151987388418
1252967982504042497
1252967777029296128
1252967298585034753
1252966931952472064
1252966692738658304
1252966079946727424
1252964457967484928
1252964159635034114
1252963812061450240
1252963704645259265
1252963316693114881
1252962870352064512
1252962843240079360
1252962711111114752
1252962482282475522
1252962472539181056
1252962073937612800
1252962010196819968
1252961921327824897
1252961770999775232
1252961767636041728
1252961028784173057
1252960765654577152
1252960565061988352
1252960069110693888
1252959926143590400
1252959301074915329
1252959115799695363
1252958999911243778
1252958701218156544
1252958339308322817
1252958180323319809
1252957857299005440
1252957481946492928
1252957459569872898
1252957395736760321
1252957250504798208
1252957217713774596
1252957118170357760
1252956829761638400
1252956792486854657
1252956788640681984
1252956778536542209
1252956572814315522
1252956507345498113
1252956106101534720
1252955679775756289
1252955646112169985
1252955505473060864
1252955400464408579
1252955094523555840
1252954714972528641
1252954595724230656
1252953988338782208
1252953657563394049
1252953151424126977
1252952915075096576
1252952228178124802
1252951320010596353
1252951207326474240
1252950581901234177
1252949960640823296
1252949936192225285
1252949773184884739
1252949235357622272
1252948651191734272
1252948484241719296
1252948476050243587
1252948352062435331
1252948095899443200
1252947679866388480
1252947580205649920
1252947407773609984
1252947173358080003
1252947091816660993
1252946188619440128
1252944572218519552
1252943966846308352
1252943848944349184
1252943462523195393
1252943341513256963
1252943271141298176
1252943268775673856
1252942958862704640
1252942485766225921
1252941239940526080
1252940829582340098
1252940791573602305
1252940461871955970
1252940365306433537
1252940183265296387
1252939977119485952
1252939633501110272
1252939091844440064
1252938944423084034
1252938930565066753
1252938736175845376
1252938422387433472
1252938337431818240
1252937547539451906
1252937406107594755
1252937359848595457
1252937256094089216
1252937254252797952
1252937122543284227
1252936799397326850
1252936396127514624
1252936236282654722
1252935533732548608
1252935230324969473
1252935078797287425
1252934278364659713
1252933658014560258
1252933110452432896
1252932919158607873
1252932108579995649
1252930927732424704
1252930420263596033
1252930116210089984
1252929605830348802
1252929512846831616
1252929185485516800
1252928746128015361
1252928517425303553
1252928462614118400
1252928391155716096
1252928377255854080
1252928320154583040
1252928105674682369
1252927932470833152
1252927851545923586
1252927714971058177
1252927592488931330
1252927511887044610
1252927491964051456
1252927349391319040
1252926192161865728
1252926179096625153
1252926146133590017
1252926043683459073
1252925985982382080
1252925890427789312
1252925788703330304
1252925778360184832
1252925768956600320
1252925494556852224
1252925490958086144
1252925392274575361
1252925294215868417
1252925215698452482
1252924886403682304
1252924884428226560
1252924773186842624
1252924738655133696
1252924641787752448
1252924338468249600
1252924065813331968
1252923863207424001
1252923802461372416
1252923755728429056
1252923520134365185
1252923489138487296
1252923406535856128
1252923370590605313
1252923370057973760
1252923336683905025
1252922984081342464
1252922852690612224
1252922843312066560
1252922832943755264
1252922822726475776
1252922760545918976
1252922733513576449
1252922729415802880
1252922718661550081
1252922475266146307
1252922474142056450
1252922159879643136
1252921716642385920
1252921682546888705
1252921604507602945
1252921365906313218
1252921164302819330
1252921056475611136
1252920936879316992
1252920486436179968
1252920142947893248
1252919830396755970
1252919300144402434
1252918911479275520
1252918872161882112
1252918698639310848
1252917426733420544
1252917265936404481
1252917197128818689
1252916930547273728
1252916511305601027
1252916256103112704
1252915553146155009
1252915188002689025
1252915029764161536
1252914545414340611
1252914363339595776
1252914359451496449
1252914055163019267
1252914052533272577
1252913054196682754
1252912639447044098
1252912431573209088
1252912071995465728
1252911988642021377
1252911919545155585
1252911714531708928
1252911573338935298
1252911117032206336
1252910969854070784
1252910884432809984
1252910662851813377
1252910620275548160
1252910509923459073
1252910508618977281
1252910059438379008
1252908663670558720
1252908581873233921
1252908461656072192
1252908394362605568
1252907886545682434
1252907656852930561
1252907558609858561
1252906890092314625
1252906765576011776
1252906685112422400
1252906645291704321
1252906302151561216
1252906047649583105
1252905748465627137
1252905117671661568
1252905105051041792
1252904973677010945
1252904968136392704
1252904833511755777
1252903917891059716
1252903507763609601
1252903255841165312
1252903252728918017
1252903212086185984
1252902745130098691
1252902649386733568
1252902241482178561
1252901752225087488
1252901269439725568
1252900994884734976
1252900771278082048
1252900445590298624
1252900022833864704
1252899264117846016
1252899214062952448
1252899177979351040
1252898691926630400
1252898680895660033
1252898671760478208
1252898569083924480
1252898449730736128
1252898197170774016
1252898117650964482
1252897812402012160
1252897673600028672
1252897572521488386
1252897450643333120
1252897432477843456
1252897277586391040
1252896992503660544
1252896766871175169
1252896257972023296
1252895856354869248
1252895383384215552
1252894928121802753
1252894748454649856
1252894456824705024
1252894425958793216
1252894376528875523
1252894375371210753
1252893860419772417
1252892705774088192
1252892326252470272
1252892194832297984
1252892164062920705
1252892048711090178
1252891471914643456
1252891241446080512
1252891167211036672
1252891029713424386
1252890904660246528
1252890871185506304
1252890454607253504
1252889899977539584
1252889816322146304
1252889763939586052
1251604043786526721
1251273678194704391
1251040613061070848
1249700316720910336
1249441210923696129
1249431963699687425
1249431747495854087
1249431501541986304
1249343733927235589
1249237554626428930
1249236085588328455
1249147981997182976
1249133988867964928
1249090767882248192
1249059034092777478
1249057239471665163
1249023280830242816
1248993978592215053
1248992747840823299
1248981213278339079
1248975492268638219
1248971769718988801
1248971083270717443
1248971078921326592
1248971056976736257
1248969726472196096
1248961912743870465
1248961135530913793
1248958868199268354
1248958162058739718
1248956331228348420
1248956208075223040
1248956052504264704
1248955819443568640
1248950086115172352
1248679331511054341
1248596822131642371
1248586702811168768
1248579435223224320
1248516205088030720
1248489366818680832
1248480606364692480
1248303180741513216
1248156444756783106
1248149722755465216
1248026521715040259
1248011291895017472
1248004899641540608
1248000565088485376
1248000391893209096
1247984192396419075
1247970772947283968
1247966344072638464
1247958516008132609
1247956450116341761
1247954911725305857
1247954025624059909
1247942288266977282
1247942020372537344
1247940318244343808
1247934801727946755
1247933996715122692
1247932124474363904
1247929393864990722
1247928863788871680
1247928683442188293
1247928353144942597
1247926764443140103
1247925422509232133
1247925029628764163
1247923943673126912
1247923573068570632
1247923461399425031
1247920497821732864
1247919404664401932
1247919397659906060
1247918785404841989
1247918629867356162
1247914934735945729
1247914068805070853
1247911089507098625
1247907211399004163
1247906457858781185
1247904640181481476
1247904476737884161
1247901789099196421
1247899724503375873
1247899515933188098
1247898692993998848
1247897157652205572
1247897059933351937
1247895104364240905
1247894488309100546
1247892571608633351
1247891741631365127
1247891701559001092
1247888272145002499
1247887904736546816
1247886104948166664
1247885967416905732
1247885192917708802
1247884948482060288
1247884749797879820
1247884217217761280
1247883603498766337
1247883595089195008
1247883303270543362
1247882886830632962
1247882870380793856
1247882644773171206
1247879182161334275
1247879100829704192
1247873011698601986
1247725265444372480
1247683015528120326
1247660790141911040
1247649053917224960
1247629535887134721
1247617367452127235
1247614727804653568
1247608077433569281
1247606242379522049
1247594252240064515
1247556216911548416
1247551111357177859
1247549423338631173
1247546978176847872
1247536024852393984
1247525180433289219
1247522489590145025
1247520908782243840
1247519948508934144
1247511730772639745
1247509820867035138
1247508443524730881
1247505679985905665
1247502781998673920
1247501594939265024
1247498326876065794
1247497143503458306
1247497079779459072
1247496509903552512
1247486473080836096
1247484348892315649
1247483878727712770
1247483019763625984
1247482962238726145
1247482141644148738
1247482076863045632
1247481784243290114
1247480776347856897
1247478855197171713
1247478538174939138
1247477032998645761
1247476364875378688
1247475043782795265
1247474126765391872
1247473621024624642
1247472633844846592
1247471613953683456
1247471589366652929
1247471207718563841
1247470249928245255
1247470103341477888
1247469957715234816
1247469951373410310
1247469902405013505
1247469817977765888
1247469745290518530
1247469534795218946
1247469365391327234
1247469352833728512
1247469179432833024
1247469176547131392
1247421352145039360
1247411206115205120
1247392517638815744
1246197110082600961
1246123231758536710
1246123222053109760
1246051560154677248
1246051502508081152
1246024446860840961
1246024413755170820
1246018219866980354
1246015030308503552
1246012860318330880
1246012436949405696
1246011630602850304
1246011602014539776
1246011523429998593
1246010417480183809
1246010324916076545
1246010323217387521
1245797530186760193
