1311371463719518208
1311284244124229638
1311227769326645249
1311226580753158144
1311032659724861440
1310986252787818496
1310953059703566339
1310907444529422336
1310886819295358978
1310826645989863424
1310818701332094976
1310807393824059392
1310766196992729088
1310741717130203138
1310670617558032391
1310626083801370626
1310586204522508292
1310548489445740545
1310540881313832961
1310533763408039937
1310526312151384064
1310525418366291969
1310525384727973893
1310524134506594304
1310523776455639040
1310523503431614464
1310523489036775425
1310523244718546944
1310523235822428162
1310522680160989185
1310522310093402112
1310522159295496193
1310521277703237635
1310520695516954625
1310520342289489920
1310519887039692801
1310519629442420736
1310511809393291264
1310498265998282753
1310494405309140993
1310477053024759809
1310475527438950400
1310465393044185092
1310465275335245824
1310463034175913986
1310452613075394561
1310378951584358400
1310336760392617985
1310323562306252811
1310298160359706624
1310295955670020096
1310268482215436293
1310256468445331456
1310255550572228608
1310226201055817734
1310214584809205760
1310208019481985024
1310206406746877954
1310202365048426497
1310202140854562819
1310200190628962308
1310198988365324288
1310198944136228865
1310197273473802241
1310194020388425728
1310192988484665344
1310187800176865280
1310187473394372609
1310184194690215936
1310180240518414336
1310179881133645824
1310163354393153536
1310162804746452992
1310162575296991232
1310157859485659137
1310157809485447168
1310154471142576128
1310154030426062848
1310153794920091648
1310153467533684742
1310150874627551233
1310149685731119104
1310147405095022593
1310146072841539584
1310144951041351688
1310144859253149697
1310144344528224256
1310138055177756672
1310136818889904128
1310136090758701057
1310132992426287104
1310132919298596864
1310132604792983552
1310132494486958081
1310132065862524928
1310131578920632320
1310130562443640832
1310129625977303040
1310128670850383873
1310128277445640192
1310121983464660992
1310120366996676612
1310120200675758081
1310119973575106560
1310119512373710848
1310025949845630981
1309929343364325376
1309921262689570820
1309908154428334085
1309894597699657729
1309882583241707520
1309882332841734145
1309822731236659202
1309798264598863873
1309770757866696704
1309770503092084736
1309750935338524672
1309750879751372800
1309737311903657984
1309733705431293954
1309717332617560064
1309698065864024064
1309647957080313856
1309631265839050753
1309617219656183810
1309598574079102976
1309590955708870656
1309586177196949512
1309582047669878785
1309574010880098305
1309572455204360197
1309571622957969408
1309567620837003265
1309566457165099008
1309565968860041223
1309538802931818501
1309537399236702211
1309525579746680832
1309517218607239168
1309515629179920384
1309511329544249345
1309508653075005441
1309475878410256387
1309472575144308736
1309459752825614336
1309458446119563264
1309457309559664640
1309456866796331008
1309452583988273152
1309437801621073920
1309435391544623106
1309426698895667201
1309423420443185153
1309416260195749894
1309411331674501121
1309405234981228544
1309401272219570179
1309398279894052864
1309394732171366400
1309394637581361152
1309234813933678592
1309234547150725126
1309164285969522692
1309091422398820354
1309085925159383041
1309003073730351105
1308995179890778112
1308751914704699394
1308681552583430145
1308672174430003206
1308656483190571008
1308654565189996546
1308442242768670720
1308440423120146435
1308440419806646272
1308440388689178630
1308387011112435712
1308383364064436224
1308350814503735301
1308348532030570496
1308277302288150529
1308177996067540992
1308155907528962048
1308126967393398785
1308107262058209284
1308106171144962055
1308101405882953730
1308101090559361026
1308096696812032000
1308093214969257989
1308091462882668545
1308049481351471105
1308048866256793602
1307987711190593536
1307986774380212225
1307968409913700352
1307956445007278080
1307951732647964673
1307950157456199682
1307946775827951616
1307941277862952960
1307941006487310336
1307830609386012672
1307810410725339137
1307796339326103553
1307780403714052097
1307772022626365441
1307753549015715840
1307718798351491073
1307717236572987393
1307689655517827078
1307680771931504641
1307671380759019520
1307665313014702087
1307661699953065985
1307660174824476674
1307657895845265410
1307647510933012480
1307646829564227585
1307639553965129728
1307637028067127301
1307624433696342018
1307620791677222912
1307614892539744256
1307610535605817345
1307597291717615616
1307594328114593792
1307589327057231872
1307587566439456769
1307584002686152716
1307581910181388288
1307581769236000769
1307581653213155328
1307581632182988800
1307580055623737344
1307579517834272768
1307577622814220289
1307568127891460096
1307566921869602816
1307565115978416134
1307560507243663360
1307558792792625152
1307555832125587457
1307554711093022720
1307551605840138242
1307547075685625858
1307543279739850752
1307541901860626432
1307527431193063424
1307517755437068288
1307507673479380994
1307492404681945093
1307462198281875458
1307459857633640448
1307458016225251330
1307454024166322178
1307453192968470534
1307452181130416129
1307451718054162432
1307447388160827392
1307444996149112833
1307444872022908928
1307444206718210048
1307433590343467008
1307433286277398528
1307432519806210050
1307426750398435341
1307426460190281728
1307425708818477058
1307424957807370240
1307420841232289794
1307418961785520130
1307417947212853250
1307414843251716107
1307412007482687491
1307411696856727557
1307411514287099911
1307410126652010497
1307409092378587136
1307408212715601922
1307405594182250497
1307403790308515842
1307400027778752513
1307398846134321153
1307392389774966785
1307390872762318851
1307390425976709122
1307389042707894272
1307388686481453057
1307388499683934208
1307385672148414468
1307385277946703877
1307384229433683969
1307382921771315200
1307382513187401728
1307382073058111488
1307379537962053635
1307379493745631238
1307379210189758464
1307379128862232581
1307378920061390849
1307378706470653964
1307378500551270400
1307376846200360968
1307376830530412553
1307376513038385153
1307376384554283016
1307375766590627840
1307369591610449921
1307353403903926274
1307327042149650434
1307304194655821831
1307292325958295555
1307288962059440133
1307270213373767680
1307270082742104066
1307262312735223808
1307255236172697600
1307244297419399171
1307210660376449024
1307198241977630721
1307194453699031041
1307078237961494530
1307063979609591808
1307062494477914114
1307057855418322945
1307056276346744832
1307048664746135552
1307040218453815296
1307036346230464512
1307031199169294338
1307005188570599426
1307000767757287424
1306994313583353859
1306984968950820866
1306973134722138114
1306965784049131523
1306963626436300801
1306962556867817472
1306961945971642371
1306961233057374211
1306960367734661120
1306958355991277571
1306956529489326080
1306955257956773889
1306943570146930692
1306943544796631041
1306942439899508738
1306940178641154054
1306938935185215493
1306938294643707905
1306934575789232134
1306934131532718083
1306933965996134400
1306933242323521538
1306928183321731073
1306912726468513792
1306912383340773378
1306909372916862976
1306900490047942658
1306898772241383424
1306895975672434695
1306894765976367109
1306885344223211521
1306878652580352002
1306877987132973056
1306871466336673792
1306869950599049216
1306869222233042944
1306861574964027392
1306860292912099328
1306858670358245377
1306849864718974976
1306849646262849537
1306849346886000641
1306848298406473731
1306840398913056768
1306838972010762240
1306836563666632704
1306835797912494082
1306832547628933120
1306831391859060739
1306830715414249473
1306823576306307072
1306823233098964993
1306822918643613697
1306818772498608128
1306817244266213376
1306814671417208832
1306811511164358657
1306807474822012929
1306805464114626560
1306799413277396992
1306786600865722371
1306748781061341190
1306744169789100033
1306742436543131648
1306736594322362368
1306733310807244800
1306719289219657729
1306716345627746306
1306715275312721925
1306713963657334785
1306713063249317888
1306712949390823432
1306710842772197376
1306710822866034690
1306710817749041152
1306710319956402190
1306710081531269121
1306709663111680001
1306709371590713344
1306708763001253888
1306708681388691458
1306707366335918082
1306705564597137415
1306705393243086849
1306702098206208004
1306701008886784001
1306699239783792640
1306699155574792194
1306698797150593029
1306697561974231041
1306697505648898048
1306697458047741963
1306697373536706563
1306694984247250945
1306694321727590402
1306694034786848770
1306693225772716035
1306693109401751552
1306692883890819074
1306692042203029510
1306691416219889665
1306691336771428358
1306691061973164034
1306690895958413312
1306690671743508487
1306690293249515528
1306689882039955459
1306689655438561280
1306689428560191496
1306688967199334403
1306688852061495305
1306688242205548545
1306686066926276609
1306682663194030081
1306682197257183237
1306680474413273089
1306679118205980676
1306678810172153857
1306677494913921024
1306676925201514501
1306676814295830533
1306676440373616648
1306676406794047489
1306674554790707210
1306674370421698562
1306672463066132485
1306672246480687110
1306671397154979840
1306671253831528451
1306671225264107521
1306671193806774277
1306671084108996608
1306671061526818817
1306670576468140032
1306669509743435777
1306668985581273090
1306668898884956160
1306668451130486785
1306668095843565569
1306668077006938112
1306667978793066496
1306667480899878913
1306667079546933248
1306666486493257729
1306666422785970178
1306665973211070466
1306665503428149250
1306665466421751809
1306665434289246209
1306665283155898376
1306664102820040710
1306663980014940161
1306663290639192065
1306663126486716419
1306661847072899073
1306661814361640966
1306661215876321281
1306660999576064000
1306660958383767552
1306660558997946374
1306660444237697032
1306660104071151620
1306657878829338626
1306654066286768133
1306652860252393472
1306651759843201025
1306651367977689088
1306650685803573250
1306649788990074880
1306649740055117824
1306649677761310724
1306649674498166784
1306648040925782021
1306645039410540550
1306643417464819712
1306643009480601605
1306642924189483016
1306642456298094592
1306641920152698880
1306640312115384321
1306638356684644352
1306638328574377984
1306638257925558276
1306637241142448128
1306637164642533376
1306636830771761152
1306636652853555202
1306635738436558848
1306634764313653248
1306634228105388033
1306633996642791426
1306633965445566464
1306633560372244483
1306632973350043648
1306632276688736257
1306632196917256193
1306631980449247236
1306631936299982853
1306631884085043201
1306629388088365056
1306627696911421441
1306627571791081473
1306626953726881793
1306626193836343301
1306624546611527681
1306620855997337600
1306620821251796994
1306620470041686019
1306620412546121738
1306619773061660673
1306619468542603264
1306618673440923648
1306618252106362880
1306617759950934017
1306617696906358785
1306616964882796545
1306616460907810822
1306616351843405824
1306616174646571010
1306615687176163330
1306612880926801923
1306611558705922049
1306610099151163394
1306609166191071232
1306608206634987521
1306607711325425664
1306606902382661632
1306604046191599618
1306603589528432640
1306601010232807425
1306600343418138625
1306600069219540993
1306599111462969346
1306598719270408193
1306598670054252544
1306598245812985857
1306598097808547840
1306597957907685378
1306597492470042624
1306595872398999554
1306595691465244672
1306595649417166849
1306595330570371072
1306595268343656454
1306594867384999937
1306594627927994373
1306593903852699651
1306591833930125312
1306590639132274689
1306589096702337024
1306589084945612800
1306588777712963584
1306588499769004037
1306587957114146816
1306587244870893568
1306586900937932800
1306586891689615362
1306585838638096385
1306584412134481925
1306583143810568195
1306582880672526336
1306581762571735040
1306581179546644480
1306580612401201152
1306579375568171008
1306578591937949696
1306577244190650368
1306576788185849858
1306576134952288256
1306575405936193537
1306575254127603712
1306573347292147712
1306572590367027206
1306571322089189378
1306569627514925056
1306569049837654016
1306568046526554113
1306567182546014210
1306566546412785667
1306565860207849478
1306565149508149248
1306563659733307393
1306561562505867265
1306560776526802946
1306560633295515648
1306559627061010433
1306558848300449792
1306558349044060160
1306557652638597120
1306554596182065153
1306554194942472194
1306554156388319232
1306553067559628800
1306552274207023104
1306551210762268673
1306549177946501124
1306548775872233473
1306548405272023041
1306548178800570368
1306547617292267521
1306546494925942785
1306545830736912385
1306545097840959495
1306545070154358784
1306542533883895808
1306541497756590080
1306540893101527040
1306540786939559942
1306540012889047040
1306539955758551040
1306539942479302656
1306539142302531585
1306539008432971776
1306538927482863616
1306538511881863168
1306537908409597952
1306537758677250050
1306537443865358338
1306537364513329152
1306536883762221056
1306534811700518913
1306534790083076097
1306534781602205698
1306534684730560523
1306534671799517184
1306533473126092801
1306533132699664384
1306532855728812034
1306532098908590081
1306532057426862080
1306531914577326080
1306531644526952449
1306531528135016448
1306531519469621251
1306531369129054213
1306531331644551168
1306530429411954688
1306530129175248897
1306529293313478656
1306528232364269569
1306527679433396224
1306527392601645056
1306527173310808065
1306526685223944197
1306526041075318786
1306525763441754112
1306525547154026497
1306525022161440768
1306524013158686720
1306523819662770177
1306523737408372736
1306523411900964864
1306523132149235712
1306523001471619072
1306522986934087680
1306521869105889280
1306521758464389121
1306521402498068482
1306521203503493120
1306520988297854976
1306520957448794113
1306520290814550016
1306520253082546178
1306519595289894913
1306519554777112576
1306519186282369029
1306519117189574656
1306519050445611009
1306518683091689472
1306518417755770882
1306518363934425088
1306518166143741960
1306518103187247104
1306517735921332224
1306517350020255755
1306517084361363458
1306515027764051969
1306514080858017792
1306513675428208640
1306513566955196416
1306513412231397377
1306513139203289088
1306512350049173505
1306512239797645312
1306511863644065793
1306511655216590851
1306511378870661121
1306511069251239936
1306510608314126342
1306510332656078848
1306510293388980224
1306510230210121729
1306510187105316864
1306509694870212608
1306509621142736896
1306509053477163008
1306508281532370945
1306507909199736832
1306507905345224706
1306507769269366784
1306507710641459201
1306507596103385088
1306507214149038080
1306507049396826112
1306506451406524416
1306506228089212930
1306505880721068032
1306505551627640833
1306505424947105792
1306505146587918336
1306505122097377280
1306503961059512320
1306503645907898369
1306503576391495688
1306503256877789184
1306503015424233472
1306502429047959552
1306502203998429186
1306502068002316289
1306501846463385601
1306501178382004224
1306501069200130048
1306500964858449920
1306500817697079298
1306500269321195520
1306500235863175170
1306500011820281856
1306499795108888576
1306499680067637249
1306499342656851968
1306499262511972352
1306499089736101889
1306498887121805312
1306498786727014401
1306497889707986946
1306497818517999616
1306497675785838592
1306497541014523904
1306496885088235520
1306496614861807616
1306496549984313344
1306496549300711424
1306496208966426628
1306495990522929152
1306495953424261120
1306495662213787649
1306495662117314560
1306495426141597696
1306495371301003265
1306494815111196672
1306494805845958658
1306494501612146688
1306494267418988545
1306494070936735744
1306493718233591813
1306493443032657920
1306493109501558785
1306493078518325248
1306492940701884416
1306492804747718657
1306492427696566292
1306491654585675776
1306491195351277569
1306491156918931456
1306490975666278400
1306490973933928450
1306490839171043328
1306490758300667905
1306490485591232512
1306490066487959552
1306489995495120897
1306489771515092992
1306489689105485824
1306489506535747588
1306489411123712000
1306489051709681664
1306488900223987712
1306488829726130179
1306488118560935937
1306488027095724032
1306487594369384448
1306487470335365121
1306487030969446401
1306486723929616384
1306486511370633216
1306486502118096897
1306486492647182341
1306486354117828608
1306486038924275712
1306485987539906560
1306485938315554816
1306485721126129665
1306485636002721793
1306485553915887621
1306485460395581440
1306485274537594881
1306485246989340672
1306485083252101120
1306485074662240261
1306484738077720578
1306484397982523392
1306484360967839744
1306484023867432960
1306483805990068225
1306483718744399873
1306483383174918144
1306482813340966912
1306482511011352577
1306482309588307969
1306482070542262273
1306481970139017217
1306481889360973824
1306481869396082688
1306481443598721024
1306481216011603968
1306481170419527680
1306481104845713410
1306480886234443777
1306480578733256704
1306479873683320832
1306479700613758981
1306479495696842752
1306479495457763328
1306479466013691911
1306479248035676162
1306479237503815680
1306478994796220421
1306478947711029248
1306478924403179521
1306478457577242624
1306478386315919361
1306478075597795329
1306477948275437569
1306477929908645888
1306477629147619330
1306477474235265024
1306477363564347393
1306476588410732544
1306476538905464834
1306476450581811201
1306476365634469889
1306476286962008066
1306476207165317122
1306476058955390976
1306475970535272448
1306475607035973632
1306475249576431616
1306475218576252928
1306474374367764480
1306474074097487873
1306473998373531648
1306473891896979456
1306473244510375943
1306472804943122432
1306472592572809218
1306472424393900034
1306472396665303040
1306472239928311808
1306472223004340225
1306472031492464640
1306471964576493568
1306471961107857408
1306471663937228800
1306471642491695112
1306471430582919168
1306471273132961792
1306471148566257665
1306471052403408901
1306470844244295681
1306470481349013506
1306470383193907201
1306470012220305408
1306469938857742337
1306469927876988928
1306469902711164931
1306469896327442433
1306469747370983424
1306469541602570240
1306469436862455809
1306469416692051970
1306469308793577472
1306469227956666368
1306469220486713345
1306468994443026433
1306468736904450050
1306468727333023745
1306468462475304961
1306468180160917505
1306468116768141312
1306468010073485312
1306467951684526082
1306467830326587392
1306467665016492033
1306467563476602881
1306467539564855296
1306467522703765504
1306467473886248960
1306467469129809921
1306467446010843136
1306467336115892225
1306467207816384512
1306467003830603781
1306466879557562368
1306466738209525762
1306466424412487680
1306466374102003712
1306466365079982080
1306465826812432389
1306465681043599360
1306465669937090560
1306465518187163651
1306465299294752768
1306465260510085122
1306465251462963200
1306465248589864960
1306465021959065606
1306465020553965568
1306464932389629953
1306464768895725568
1306464562112233473
1306464410467172353
1306463908971065344
1306463579458199552
1306462905634824192
1306462877746896896
1306462847023697920
1306462386338041859
1306462098596286464
1306462040958083072
1306461782463184896
1306461717623382017
1306461308360032257
1306461198792249344
1306461006059667456
1306460981267234816
1306460933909291010
1306460604505489408
1306460509441527814
1306460294907080704
1306460207808208896
1306460028174557186
1306459585918783488
1306459489458171907
1306459457245847555
1306458727659311106
1306458410523725824
1306458348389371904
1306458280349372416
1306458042381283334
1306458035351584768
1306458004649390084
1306457785870299140
1306457750487130112
1306457696359636992
1306457642819350530
1306457394751381505
1306457371775062017
1306457306041851905
1306457171442511872
1306457141117677570
1306457036360765440
1306456881611837445
1306456784845123585
1306456635720826880
1306456494569816065
1306456456649216000
1306456150196580352
1306455535936516096
1306455475433635841
1306455189738655745
1306454766390841344
1306454379227238401
1306454229599612929
1306454004264824834
1306453961617084416
1306453864728670210
1306453439828946945
1306453041885872128
1306452775685980160
1306452271216107520
1306452078265540614
1306451898401280005
1306451666678550529
1306451662731718656
1306451529453441025
1306451413531348993
1306451177131909120
1306451057288065024
1306450435797135360
1306450097153216513
1306449071863980032
1306448958751997959
1306448177307017216
1306447995895009281
1306447391869014016
1306447219831320576
1306446919544311808
1306446918944526336
1306446777298681856
1306446331976744960
1306446081623035906
1306445133316083716
1306444944568131585
1306444680129904641
1306444640518897665
1306444468489539584
1306444467302469638
1306444389112307712
1306444264478568451
1306444246854111232
1306444028137922561
1306443921019621377
1306443628584333312
1306443041180446725
1306442995621941249
1306442817393356806
1306442678888996864
1306442400542334978
1306442201749221376
1306442117707956224
1306441603863777281
1306441587535290369
1306441056947494913
1306440506096979969
1306440341822803969
1306440060271841281
1306439979825074176
1306439795455991809
1306439735817187328
1306439157053624321
1306439085679140864
1306438751070105601
1306437891946688513
1306437728796631041
1306437531085549568
1306437282182955009
1306436693277507586
1306436584175173632
1306436093957435397
1306435935010250752
1306435720270221313
1306435680327929859
1306435452799537152
1306435373355200514
1306435194208104449
1306434738853425153
1306434182990659584
1306434027172376576
1306433227754803201
1306433036486160384
1306432871968780288
1306432772450394112
1306432761314635776
1306432546100645889
1306431465257922561
1306430665798365184
1306430299962839040
1306429098953265153
1306428880950120450
1306428660841435138
1306428540917870592
1306428191859511296
1306428091854655493
1306427793836781568
1306427335814545408
1306426944653844480
1306426440552980480
1306426147962605578
1306425606838587395
1306425261337063429
1306423628691582976
1306423627278102528
1306422908810596352
1306422870835441666
1306422465875316736
1306422268982104071
1306421985279385600
1306421422189838341
1306421098918088704
1306420297038471168
1306420197742518274
1306419762688331776
1306419609562689543
1306419319174295558
1306419276614696967
1306418085843341319
1306417690832187395
1306417525014646785
1306415639364591621
1306414808443629569
1306414341751791618
1306414001761456129
1306413602958704641
1306413532825747458
1306413254588141568
1306410385763901440
1306410305594023936
1306410075423154181
1306409995161022464
1306409747181166595
1306408287701807105
1306408037947781122
1306404605312618497
1306404222179696641
1306403239445827584
1306402092102365184
1306401892281524226
1306401161218600960
1306401038484856833
1306400659844067328
1306400118392881152
1306399136791527424
1306397225510146048
1306396648248086530
1306396304625602560
1306396153945165825
1306395208981061632
1306395203188723715
1306394600421101572
1306394420091199489
1306393138475474944
1306392291733639168
1306391910899163136
1306391888107274242
1306391671219908608
1306390904236900353
1306390444608311296
1306389786568134658
1306388686855188480
1306387237379158023
1306387001831239680
1306386487341133831
1306386128912683009
1306385251439202305
1306385039396163584
1306384870575403009
1306384663087378436
1306383767871815680
1306383413222486017
1306383240756965376
1306383004403630081
1306382965426053128
1306382868554407938
1306382569555013633
1306382507223506945
1306382340394975233
1306382209205633027
1306381680538771458
1306381288853696515
1306381229323964417
1306380726472933376
1306380641475473408
1306380479483043843
1306379842129211392
1306379455141642240
1306379196583870466
1306378670240681984
1306378518222245889
1306378178835906563
1306377857191620609
1306377849176195073
1306377222132051968
1306377003604627457
1306376913120829441
1306376751673749511
1306376609713344520
1306375941690716160
1306375924649254913
1306375711171710976
1306375709301116928
1306375443331809282
1306375212129284096
1306375017350000641
1306374873627922439
1306374185715990530
1306374136252555265
1306373939824910336
1306373312751243271
1306373064435920896
1306372918117650438
1306372831979155456
1306372804481363968
1306372803848024064
1306372696037523463
1306372624990244869
1306372283653656576
1306371804391337985
1306370971884978176
1306370257280532480
1306370253946073090
1306370064019488769
1306369914031271937
1306369841243324416
1306369621331709953
1306369120376586241
1306369021021958146
1306368770424930304
1306368649016545281
1306368193313861633
1306367808876564480
1306367671659892741
1306366814113456133
1306366795704602624
1306366779128795138
1306366677148479491
1306366591333019651
1306366523112656897
1306366467701694465
1306366450995781633
1306366443081129985
1306366323870650370
1306366264114384896
1306366158187175937
1306366043842113536
1306365830029082624
1306365629692358656
1306365583773044739
1306365457461661696
1306365339601637376
1306365339211575302
1306365317577310210
1306365265400266754
1306365127877373952
1306364920989089792
1306364792379187201
1306364783915151360
1306364752797609992
1306364713299849216
1306364595288911872
1306364532940566537
1306364531619266562
1306364502288617472
1306364443459301376
1306364328040423431
1306364259304124417
1306364256909242373
1306364192044257285
1306363820252766209
1306363775541534720
1306363687452790785
1306363600349650944
1306363479662755841
1306363335764475907
1306363218860937221
1306362987050041344
1306362889998159876
1306362835082117121
1306362779645902854
1306362685404123136
1306362584157827073
1306362504621293569
1306362423004332032
1306362335049678849
1306362330939359233
1306362325268664320
1306362310823489536
1306362182645542914
1306362141050654728
1306362122201432064
1306362108070842371
1306362060222214145
1306362035647717378
1306362030807490565
1306361977468596224
1306361968555589633
1306361965376405505
1306361904265334785
1306361832676958209
1306361823873167360
1306361716012470272
1306361620751421441
1306361605844865024
1306361571946516480
1306361569970982913
1306361498479009793
1306361413074477056
1306361351749672961
1306361297479634947
1306361289787281409
1306361232434384896
1306361169888903168
1306361141350879234
1306361063613530118
1306360956101033984
1306360872848117761
1306360858994511873
1306360776953933824
1306360739892953088
1306360655142944768
1306360603456536577
1306360595793534977
1306360572057919491
1306360554102173703
1306360416185077762
1306360413630627842
1306360336665243648
1306360334106726402
1306360289127018496
1306360276070137856
1306360111569526784
1306359941838639104
1306359901275467776
1306359872276041729
1306359871344869376
1306359806236782598
1306359744886644737
1306359731804672000
1306359704361349123
1306359631787307008
1306359618927550466
1306359550564499461
1306359536547172352
1306359518197174283
1306359460215107584
1306359444448653313
1306359435254792198
1306359370104672256
1306359346767552517
1306359331542183937
1306359285052518400
1306359171323965441
1306359091850342400
1306359087739875328
1306359074427228167
1306359050075074560
1306358997243645957
1306358942268821509
1306358868210003968
1306358823209361408
1306358815797936133
1306358784667910145
1306358757589487616
1306358752665370634
1306358713138270210
1306358711531732993
1306358686907092999
1306358669995540481
1306358668783423488
1306358636848054272
1306358618867019776
1306358613515079686
1306358592602333184
1306358488394862592
1306358479444226051
1306358407025352704
1306358362125340679
1306358355724771329
1306358337672548355
1306358316101242880
1306358314691944450
1306358312544411649
1306358306194235397
1306358288406269952
1306358277203259392
1306358253622833152
1306358205191159814
1306358182017667072
1306358180436488192
1306358125595897857
1306358116926320640
1306358116871741440
1306358088258256896
1306358086706302978
1306358075557851138
1306358067219640320
1306357850395021312
1306357826768515072
1306357812478578688
1306357804328943616
1306357792660426754
1306357787484655616
1306357784338890753
1306357756757192707
1306357753036918787
1306357747831705605
1306357717716684803
1306357701342093312
1306357699328778242
1306357695381897217
1306357681821749249
1306357632173854728
1306357619649589249
1306357610266886145
1306357601542832128
1306357589987471360
1306357568789516288
1306357551542476800
1306357539995627521
1306357525147721737
1306357522564079617
1306357518805934081
1306357479056592896
1306357475373973507
1306357470730780672
1306357446533881860
1306357437126119424
1306357431782576129
1306357410005692416
1306357403106062337
1306357397594796032
1306357397322108929
1306357379899031552
1306357377810264065
1306357366770860032
1306357362073141251
1306357360294875136
1306357359976099843
1306357359258804225
1306357351923036162
1306357345002418176
1306357336508903424
1306357327222771713
1306357325557628928
1306357320662814720
1306357319593320449
1306357306356117507
1306357303864709120
1306357283132248064
1306357282276605953
1306357277981540355
1306357270838640640
1306357242946637824
1306357239381397504
1306357239335264259
1306357231911342087
1306357228006445056
1306357227457073155
1306357223715635206
1306357222667177985
1306357220679053319
1306357220154773505
1306357216417587201
1306357215138328582
1306357212260990976
1306357200974163970
1306357195496468483
1306357193894244354
1306357193806094336
1306357192107360259
1306357188303224832
1306357179193098242
1306357156682268672
1306357156233588737
1306357147719159810
1306357134985224192
1306357119038509056
1306357113573302273
1306357100428308492
1306357047739461633
1306355214786662401
1306351548067442690
1306348802446708745
1306347232996851712
1306345496982753282
1306343125468803073
1306343056241815552
1306341506152894464
1306340483162136576
1306339026794840065
1306337011259801601
1306334144557875202
1306333580117848064
1306329163234717697
1306328807108947976
1306328273148928003
1306327385160155137
1306325936686727172
1306325710655684609
1306325321201975298
1306324988618838016
1306321264081014784
1306319638763106314
1306317878690545665
1306315487442337792
1306310514658734088
1306305094028341248
1306304763374559232
1306303773632012288
1306302751845085184
1306301993070231553
1306301321071427584
1306299211093344258
1306298970847801344
1306298107030896640
1306297192206995456
1306297019879886850
1306296436817047552
1306296380210720768
1306296051645722625
1306294605055488002
1306294245230342145
1306294145749782537
1306293183731634177
1306292635032858626
1306292294421749765
1306291675237621763
1306291511911481344
1306290588153778177
1306290038305587202
1306289505557778432
1306289251873677312
1306288989293309952
1306288597683916801
1306288479983333377
1306287350193020929
1306286838508912642
1306286705536897025
1306286590797455360
1306286386530725889
1306286221543567365
1306286210751528960
1306285761201950720
1306285610127290371
1306285516107776000
1306285350420180994
1306285104680099841
1306284894927097856
1306284794951675906
1306284752538947584
1306284739041603588
1306284536934928385
1306284360358920192
1306284285813551104
1306284189579444227
1306284136840278019
1306284127298228224
1306283980820447233
1306283967608430592
1306283936943931393
1306283850834866179
1306283831725617153
1306283809550274560
1306283683633078278
1306283633762803714
1306283556323364864
1306283372554133510
1306283367550390274
1306283231290036224
1306283188961107975
1306283157445115904
1306283148968366082
1306283143960424449
1306283140613365766
1306282970794393604
1306282962317701120
1306282862623305728
1306282797645148161
1306282774228328448
1306282669400109059
1306282625221513218
1306282616501481472
1306282543814148096
1306282522670772225
1306282502773002241
1306282459508756483
1306282437408944128
1306282414629629954
1306282410645041154
1306282363006189568
1306282300938899457
1306282297726038017
1306282287122853890
1306282277966696448
1306282223373615104
1306282187591999491
1306282135494553600
1306282094822387724
1306281959346376706
1306281809827819520
1306278337304817664
1306277843500924940
1306275383998853122
1306272953521369099
1306269151166713859
1306268279267360777
1306267652004950016
1306265280457437185
1306264115367862274
1306251076379832325
1306250766190084096
1306250140697735176
1306246939751714816
1306244339312590851
1306243998831513601
1306240757238509574
1306240322536697858
1306239049577963520
1306235110711271424
1306234481788039170
1306233768840175617
1306232025364430853
1306230561523085317
1306229927440678913
1306229629389332482
1306227279375331329
1306226023793651712
1306222960479547392
1306222783454732290
1306222720716283906
1306222295543885825
1306222052811177984
1306221590066204674
1306221475565895688
1306221166856679425
1306220209850781696
1306219777866825728
1306219583641190400
1306218093681635329
1306217998575964161
1306217745810444288
1306216449376243712
1306215672662437889
1306215301470736384
1306215070171566080
1306215048080166915
1306215017394696193
1306214191531950080
1306213937097191426
1306213134273781761
1306212411729379328
1306212208041504768
1306212174830989313
1306211553998516224
1306211350159544320
1306211309520814080
1306210938232745984
1306210863666417665
1306210769978130433
1306209785067569159
1306205210742788101
1306203833513713666
1306203243031277568
1306201789876891650
1306200851590057990
1306199238284652548
1306198403873935363
1306198065322356742
1306196910806577154
1306194194793476097
1306191065058246657
1306191025585741824
1306189624159633408
1306187317477019648
1306187308752867328
1306186836981747714
1306185374994227207
1306184269660856320
1306183712653049857
1306183682353491974
1306183231029612547
1306177706841829382
1306175972958449666
1306173203568619521
1306172940250120192
1306172707218903041
1306172535969587200
1306171158572736513
1306170311080062976
1306169465630076929
1306168857388818439
1306167448815702016
1306167006429839360
1306164406322171905
1306161945473617926
1306161425837064197
1306161114309431296
1306159632138866688
1306158748352864256
1306157488270696448
1306156666145116160
1306154285944770560
1306153191340412930
1306152035587362817
1306149517377638400
1306148264631300096
1306147694642171904
1306144777788968961
1306144432622841857
1306141891566743554
1306137334287675393
1306137174618890240
1306135367444295680
1306134933178667009
1306132461844410369
1306132283175432192
1306131625256812544
1306130801285828610
1306130724123181056
1306129867113730050
1306129110050263040
1306129036188487680
1306128085717266433
1306126994338467841
1306126090109411331
1306123814779138048
1306122966791585792
1306122809790345216
1306122346512748546
1306110880820662273
1306108582363103232
1306100581312991232
1306098693779619841
1306080599950622720
1306070333296869376
1306035184152858625
1306027163070730240
1306026124724625409
1306019964709724161
1306018785724452865
1306018172265431042
1306017835840307201
1306014757099573249
1306013678819356672
1305983899739316225
1305981380699000832
1305966681332895746
1305956172877508609
1305955749995085824
1305953633696182272
1305947163860574208
1305946924609163265
1305945001722089474
1305944484916662275
1305943832668901393
1305942529003655169
1305942367782998016
1305940936493535233
1305940607580418048
1305939929688662016
1305939261557035011
1305939039732805632
1305926897306685440
1305917763412729857
1305916346480427014
1305915004835766274
1305913331824431109
1305913216762077185
1305913027816980481
1305909641180831750
1305904283712466944
1305904201004875781
1305903463138721794
1305903357073264640
1305903084317683713
1305902426751459335
1305901213037350914
1305901197447049216
1305898907172569093
1305898764427833344
1305896140399931393
1305894403521814528
1305892545407447041
1305890748395655168
1305889207303495681
1305882091305959424
1305880757567721473
1305879357655842817
1305878578890932226
1305876295939743745
1305875384207015937
1305874148334465024
1305872828676349955
1305871704678453248
1305871600504496132
1305868825716551680
1305867052972900356
1305865259891208195
1305864163596611587
1305864097871822848
1305862886540148736
1305861614541955072
1305850359743643648
1305849111460171777
1305847209473257472
1305843523820941312
1305841252001251328
1305841140671885313
1305840470074044417
1305839083189657600
1305837327718191105
1305837050915061761
1305836404036034560
1305835905752723456
1305834931923423233
1305834229645955072
1305831895310139392
1305831853870526464
1305831492376027136
1305831226859597824
1305830316007976960
1305829909491781632
1305829794509139969
1305829551478636544
1305829469475811328
1305828844700684288
1305827068106739715
1305826690757734401
1305825846758957057
1305825664503820289
1305825139171512325
1305824884610793472
1305824875123273729
1305824772849369089
1305824748430123022
1305824456426823680
1305824321269575680
1305824180412260352
1305822573050187776
1305821209565769729
1305819921524420608
1305818643528179712
1305814047758127106
1305806077859115008
1305806071202803714
1305805695569149952
1305804759564193797
1305804080594419712
1305802168352604160
1305801876772880389
1305798510822871040
1305797360270880773
1305795554522398722
1305791223022714880
1305791122279673856
1305791027144536064
1305789719473778688
1305788179237294080
1305787201138106369
1305785930226126850
1305784168157245445
1305783068758806528
1305781656272461824
1305781250800656385
1305780489073184770
1305780339961405440
1305779155930357760
1305778183925448704
1305777761102049290
1305775011538636800
1305774195914297344
1305773021286682624
1305772879183859712
1305772829112176642
1305772190508429312
1305771865613512704
1305771710399107079
1305771649590009857
1305771559810981890
1305771182805975040
1305769499745030144
1305766386535456768
1305766048843563011
1305764841408344065
1305764578022825984
1305763666449567746
1305763619280478213
1305762960426573824
1305762806092922880
1305762699947769857
1305761065976950786
1305761002722603010
1305760068332290049
1305760053924958208
1305758613386952706
1305758241830440961
1305756375767748614
1305755991565271040
1305753988151865344
1305750022181486598
1305749827536519168
1305749377881903105
1305749117897977858
1305748994304479235
1305748909181075456
1305748875848945664
1305748801148383232
1305748060883034112
1305741932895842305
1305703130894606336
1305701060598812672
1305665205762916352
1305647833270362113
1305642929688653825
1305633930478055427
1305632531069440000
1305630956695564290
1305630737195032580
1305602323054571529
1305602201256165381
1305602003989651456
1305601980031733761
1305601667572826113
1305593701809500161
1305592194116587521
1305585496333131777
1305579663574667265
1305579485992030210
1305569945795932168
1305562531226890240
1305560693182259202
1305559361226506243
1305559331627241478
1305558461820932103
1305558451440046080
1305558226042322950
1305557878640644096
1305557405649039360
1305556822066159616
1305556576393220096
1305556070681772035
1305555503976796163
1305555268466544640
1305555038820073474
1305554960868925442
1305554929407451136
1305553603126538240
1305553499451789314
1305553348783996930
1305552655406821376
1305552516575264768
1305551845700624385
1305551609959649280
1305551440274952200
1305550627557314560
1305539005346349056
1305537075186458626
1305534083372593155
1305529236564844544
1305518000255229952
1305517907305271297
1305507817818853379
1305507799846313986
1305507607910678528
1305506729980035072
1305506699147726849
1305506661046648834
1305506658882400256
1305506593916633090
1305493015146921985
1305491809313882112
1305491758869106689
1305491596557848582
1305476395104169984
1305448706339082241
1305153279861682176
1304662625163325441
1304510239673405441
1304383823485038592
1304157749463441410
1304136311939510272
1304123805628092416
1304120851273523200
1304118898795646977
1304115114522611713
1304111932522278917
1304111802234667008
1304111178424213505
1304110553909071872
1304108653239205888
1304108135435644933
1304108108365660160
1304107767624609792
1304107431455318018
1304107388719566849
1304105314829185029
1304040686828781568
1303960989545754626
1303953464498827266
1303860755075276800
1303860741372440576
1303860740260986880
1303729294523461632
1303724212742492160
1303713606475952130
1303713127499018240
1303630212521955329
1303627092123320320
1303596491311919104
1303550355368800262
1303541270506340352
1303472856274214917
1303471166481367042
1303460693979598849
1303454008795975680
1303451771600338946
1303447872080433152
1303445632569487360
1303443215341805569
1303442189171724290
1303425211090513920
1303410288071450624
1303407184223571969
1303401198834323457
1303399280351350784
1303398855325757447
1303395350657499137
1303391522130460679
1303385750403190784
1303382139455635464
1303377632894033921
1303376099280379907
1303372910162214916
1303368125920968706
1303363524857651200
1303337915783802880
1303337906644430848
1303326685824253953
1303323967646695424
1303323453467099137
1303320132006154243
1303315124007165953
1303314243975024640
1303309460895604745
1303308801727234053
1303301015337398272
1303299415986274305
1303296082626174977
1303289709762957314
1303287022199734273
1303285802814910466
1303285757923205123
1303285540897333248
1303283864836739075
1303281062760656897
1303276508027461632
1303268804659683329
1303267569932140546
1303267041542111233
1303265457223368705
1303264774856335361
1303264505112260608
1303261896196448256
1303258358024151042
1303253486755348486
1303253073448579072
1303249138470080512
1303248537237495809
1303247689426051072
1303245752928473089
1303244490052902912
1303242159500517376
1303241498910228480
1303238190665474048
1303235656085368833
1303234462885572608
1303232766440505344
1303232196904448003
1303224528856850433
1303222166893350912
1303221315151814656
1303220799944486913
1303219507465510917
1303218727773560832
1303218373459955712
1303217857875116032
1303217648721948672
1303213699444940805
1303212330931683329
1303211200864497664
1303199123655491584
1303198723124723712
1303193276330258433
1303191763545456640
1303189724018999298
1303186611958669312
1303185797127036929
1303185072561029121
1303172907615608838
1303172718628667394
1303165439510540288
1303161906727878661
1303135046770061313
1303130352412655617
1303116377247698944
1303112144930721798
1303108370363187201
1303106958308839426
1303105408245039112
1303104927754072065
1303099030537408512
1303098752006316035
1303097664708411392
1303095909161500672
1303094166352691201
1303094121301712896
1303094064770883585
1303093157198995456
1303093021077012480
1303092969906597889
1303092884061802497
1303092673809715202
1303092582508101632
1303082080759406592
1303044693018775553
1303044617982611458
1303044061805379584
1303043394214780928
1303042665055948800
1303006772823760896
1302922863528341506
1302554650604908545
1302534060334624768
1302533706037506051
1302517426010099712
1300855124269715461
