1322688483874557958
1322654217530650629
1322579389360603140
1322578766334464000
1322381782289911808
1322379014103732224
1322279608964665344
1322258812292780033
1322255670096396289
1322253185453490177
1322177298926284801
1322162171334270976
1322157099430891522
1322146585862688768
1322146378676637697
1322145666446090242
1322143709702557696
1322142469874622465
1322127739122569221
1322127113734877190
1322127113298694144
1322126986311954432
1322126986119057408
1322126985246601217
1322126860772233217
1322126125099876353
1322094597099630592
1322086101465681920
1322078853767069696
1322052819684380673
1322050601618911235
1322045519464640512
1322041082444730369
1321980489478135810
1321961234426716160
1321917164442574849
1321842142659137537
1321836740307542018
1321828779149459456
1321820602609602564
1321814327809216513
1321803786734678016
1321800804928528390
1321791425227427846
1321791257614688262
1321786929780850688
1321786636544450561
1321777341270548480
1321775039637790721
1321769011374362624
1321767391802454017
1321629740831301638
1321608784469438464
1321608314220929024
1321586540422844418
1321573322468036616
1321572760766844936
1321553936000688129
1321553879625064448
1321553794015105024
1321553743851196419
1321553609423835143
1321553455794823169
1321541592352698368
1321538070995456000
1321537451136004096
1321537302548668416
1321536336118034433
1321536313997361152
1321536289880051717
1321536259383349248
1321536210133749761
1321536071851802630
1321535818461257730
1321507713763942401
1321506358831861760
1321503685323743235
1321503008488869890
1321502706792583169
1321492975139119105
1321489079104659461
1321489032300449794
1321488964163874816
1321488895851286532
1321488782521151488
1321488626803507204
1321488129463824384
1321488115291344899
1321488090079395841
1321488074728157185
1321488040326549504
1321487994277212160
1321472118048104448
1321472083491246080
1321472040650625024
1321472006647390214
1321463602642100225
1321462368552001537
1321454841307320320
1321451553052610561
1321450335735554048
1321450103899590656
1321447008146771971
1321446786930716672
1321443520712970246
1321440420023410688
1321437352632483840
1321396650183696385
1321396476686327814
1321371990847094784
1321371978272514049
1321371965039484928
1321371952188194817
1321371902825418752
1321371858105716737
1321358011974225920
1321356574103928833
1321331411417182208
1321328797568929792
1321328795765407751
1321328794007994370
1321328791457845249
1321327315889147906
1321326167467741184
1321318283753234433
1321298475271786503
1321244087652155396
1321243089843986432
1321239045448572928
1321215828008800259
1321214860034772993
1321207487828283392
1321207379191615489
1321202324900118533
1321199324970258432
1321198220064788480
1321196710467686400
1321194579631243264
1321191729010253830
1321188658364452866
1321184812296818691
1321183927181185031
1321183827788783628
1321183245682298883
1321183216427016198
1321181542719377413
1321180406591442950
1321178224018206720
1321174960791080965
1321173261804359687
1321168616126058496
1321168547490484224
1321164934668050433
1321164795907887108
1321164013267488769
1321163450270138369
1321131193983782912
1321129146894979075
1321121999322779649
1321120085382189059
1321115356883259396
1321110219250900994
1321109465366749188
1321105048395517953
1321103646529064962
1321100710650519560
1321100555423485957
1321100527753723906
1321100050559340544
1321098098106654720
1321096816822276097
1321094541542412290
1321090759156785154
1321089777760931847
1321089220824485889
1321083918351847431
1321083746381111296
1321083223817019392
1321082808744464396
1321082194685734918
1321081778220748801
1321081277055963138
1321080095038197761
1321079869007032321
1321077851307839488
1321076473944391683
1321072219188023297
1321070277518909442
1321069072663064581
1321069056057839616
1321068407748501504
1321068242576789504
1321066298483318784
1321065983159787521
1321063914596147200
1321061684887343106
1321060844436766720
1321060084403838980
1321059884432035840
1321059369308639233
1321058128033685504
1321052963255717888
1321050797946425347
1321046436675571713
1321044750170992640
1321044180764942340
1321031123426836482
1321027702644682752
1321019941869506562
1321018168215805953
1321017747514548228
1321010562088771585
1320980025915723776
1320980022711193602
1320852278014808064
1320845828018315264
1320840866379038720
1320833529857646596
1320831408693219329
1320828068039168000
1320827619068289026
1320826553018830855
1320814906116050944
1320811971550322700
1320809444322717697
1320806774811828227
1320803568790740993
1320803299847770112
1320803269313208321
1320802994175266826
1320802266450972674
1320800560384253952
1320797428191318016
1320787238062596097
1320787097452793857
1320785833377570817
1320783801635741702
1320782786467450881
1320780932425699328
1320778204165165056
1320767906423152641
1320763451489296384
1320763232236306437
1320762841943674880
1320758552634531843
1320755849707573249
1320755481225371648
1320744612273803270
1320729701183348739
1320724112923332614
1320723091505532930
1320721699441156096
1320708635161468930
1320703947200471043
1320702928555048961
1320701794532601861
1320698622112129027
1320697381483122688
1320686413264965632
1320685248766726145
1320683654125887488
1320682689003986946
1320682175726059521
1320678337107415040
1320676789597949953
1320676780756316160
1320675108172795904
1320674365286064128
1320674242741108736
1320670991698284546
1320670836542578688
1320670635828412418
1320670184143835136
1320669140739379200
1320667609092730880
1320666921759629312
1320666797742411776
1320666465343807488
1320666253015568384
1320664767514714112
1320664136645267458
1320663811242807298
1320663506778263552
1320663391627825154
1320663339907895296
1320663039637671936
1320662253004378112
1320662226143830016
1320660694304493568
1320659926188986368
1320658984387358720
1320658313055522816
1320658025770868736
1320657958095720448
1320657685658914818
1320657421245755392
1320657002889183234
1320656744033488896
1320656587636264962
1320656444954464258
1320656428584099842
1320655929952608258
1320655707071459329
1320655616508125184
1320655504847327235
1320655095571324928
1320654758496096256
1320654414064111616
1320650146787561472
1320649504262135809
1320649071707721728
1320646728316583936
1320646209359515650
1320646060868599809
1320642803026874368
1320624146510946304
1320623158655856640
1320610274626424833
1320607379206131712
1320602834791026688
1320602682000875520
1320594933439410177
1320486146401542152
1320471536487247874
1320460982494367749
1320442792607449090
1320407011780120576
1320405649478635520
1320405264659599360
1320404637397274628
1320403497418829824
1320399767449620483
1320398297673117696
1320357949588475904
1320357776061726722
1320341430485815296
1320303741740998656
1320291560391659526
1320287485205819392
1320278964418629632
1320276424436088833
1320275994952060928
1320263883232346114
1320254629968490497
1320247567142322176
1320246630508122113
1320246543761477634
1320246500375527424
1320246450337566720
1320246411448012800
1320246362341036032
1320246310595973122
1320246168983654401
1320235407708180480
1320234958447874048
1320234506268364800
1320234323128340480
1320234260050157570
1320234127375978496
1320167674643623937
1320167633367396352
1320167619559915520
1320167607358705665
1320167596034084869
1320167582926884864
1320167545027104772
1320167507165171712
1320138730884268033
1320106127904866305
1320106087639633920
1320106073345449984
1320106057478344705
1320106043968573440
1320106030148313088
1320106014415507457
1320105981280460800
1320092798109011978
1320075908150079489
1320075543409233921
1320071243991797763
1320064872655294466
1320033530047426561
1320033506798538754
1320033495708741634
1320033483952181250
1320033471587405825
1320033460648595456
1320033449386909703
1320033413642977286
1320032912507604992
1320030660078219264
1320030652088147968
1320030648065810432
1320030643863097344
1320030641782652928
1320030636690853890
1320030614544928768
1320030592466116611
1320021691674906626
1319977147923156992
1319946195800907777
1319937396813815809
1319935711760551938
1319927079245369344
1319924019370622979
1319923246020648962
1319904314635259906
1319894047847219201
1319880068559261696
1319874085564928001
1319871349989515264
1319862038991089664
1319856455781056512
1319856443860963329
1319855950593884161
1319855920302665729
1319855896613224448
1319854389545340929
1319854285602099201
1319853424595378176
1319853327614681088
1319853255611060227
1319852999599153152
1319852766978768897
1319852442549424129
1319781665284235264
1319776414703517701
1319760985205460992
1319753521131028481
1319741489505882114
1319741133019283456
1319737409081397248
1319737178667220993
1319736175930855431
1319731354557349889
1319729503053238273
1319728698950647810
1319728532210200583
1319728236721483778
1319727074609942528
1319726092031229953
1319725522629414918
1319724337595895808
1319723957541572608
1319723921072136193
1319722529079033857
1319719314723844107
1319719082850209798
1319718738183245824
1319718723910074370
1319718129375772672
1319717485092941825
1319714337318109186
1319714236952621062
1319713147780014080
1319712627342364673
1319712460639817728
1319712292875927552
1319710579133657088
1319709766025871369
1319706937806757890
1319700196071268352
1319699722970533896
1319699369751416832
1319698214791057408
1319697928991215616
1319696224413515776
1319692537632882691
1319692388701528066
1319682505683980289
1319682057572962304
1319680123717799937
1319679647794319360
1319667717759291396
1319650289662763008
1319649193900822530
1319647011575107585
1319646319741382668
1319645523654156289
1319643125112098818
1319641760449073152
1319641754166067200
1319641601371668483
1319641480097599489
1319639933288669192
1319623548835692557
1319620092490096640
1319614512878813189
1319612986135379969
1319603263952592896
1319599338889281538
1319596303068913664
1319593390519029765
1319586881185681409
1319586134477996033
1319584614999068672
1319583690041839616
1319583327834247169
1319583117175291904
1319582850346340353
1319581482864824320
1319581085198671872
1319578828591796224
1319578731036327937
1319577628316151808
1319577517284610048
1319577457301880838
1319577423931899904
1319577196743241731
1319577016325242888
1319576983785922560
1319576742881800192
1319576239519182848
1319576148704198656
1319575131694551041
1319574845273874434
1319574479111131136
1319574189876064256
1319574127607484417
1319573962876162049
1319573863492145152
1319573644264296449
1319572811158085634
1319572726512816128
1319572589602312192
1319571520457482242
1319568396384612352
1319567982616580097
1319567392129884165
1319566986117087235
1319566945214205960
1319566464156880897
1319565183895875587
1319565034570289153
1319564631833251842
1319564274470211586
1319561205804113921
1319560433129410560
1319559504556601348
1319559316664451072
1319558253190238209
1319553684603342848
1319552915682611200
1319552185009606656
1319551804183613440
1319550862386188288
1319550054869442560
1319547745758289920
1319530889915879424
1319529572132659201
1319521851786354688
1319429624162549762
1319402436864376833
1319396800688771073
1319380365551800355
1319374200352788480
1319373185259888641
1319371495852834816
1319362381613535232
1319362367722016769
1319360899665244160
1319357099466498048
1319333317167190018
1319328571303800834
1319296878756855810
1319282173803782152
1319256195853651971
1319252446414340097
1319246221177913344
1319230581440499712
1319230513035567104
1319222372478685184
1319220967269421056
1319220945513480192
1319211276980178944
1319210094106640384
1319209921255231489
1319208625307553793
1319206680933158919
1319204388460781568
1319204069534294016
1319182700926947328
1319177721021431810
1319175022674694145
1319169205984481280
1319166024323895296
1319162124971769858
1319157789097259008
1319155618163380230
1319145854079565824
1319139902404132864
1319139126483050498
1319133612709642242
1319077515760177155
1319073791197220864
1319064972824117248
1319063793478078471
1319057262393151488
1319048730117636096
1319045800647749632
1319034439494762498
1319032549893656576
1319031963672522759
1319023878535000071
1319023664587821057
1319023663442763779
1319023166585491459
1319014217782099969
1319013376836644865
1319005160157446144
1318999002189266944
1318997825485787139
1318997395477270529
1318995332013953031
1318988187927281667
1318987855851671552
1318985130690621446
1318983807249354759
1318982312391036929
1318980731432034306
1318979996698972160
1318979673674731520
1318975344158846976
1318975325502644233
1318970373111750656
1318967748731588609
1318966377898704896
1318965271432974338
1318964318352932868
1318962320169730048
1318954201901338624
1318951555480125444
1318950841735401472
1318946967364509696
1318946918656073728
1318945268637798400
1318945263881519107
1318945146910760962
1318939956128239618
1318934080172576769
1318928779625091072
1318927869071020034
1318925935777878017
1318923751585701896
1318922837126750209
1318921896189198336
1318921230078992385
1318920304496939009
1318918424777707521
1318913073504202752
1318911526665965579
1318911311296843777
1318904559583068160
1318902399822667781
1318898993095725056
1318895351542284290
1318884047767146496
1318877845393989632
1318876580094107650
1318872318282747910
1318870698589302785
1318868266488573953
1318867507290251264
1318867413052592129
1318866533767139328
1318863962969178112
1318863943616614401
1318861571876134913
1318860764908802049
1318857466822742019
1318857295321812992
1318857152199643137
1318854474690142210
1318853846421151744
1318851547401490433
1318851519500910592
1318851493676666881
1318851187710566402
1318850578735353857
1318850194692255744
1318848658075418624
1318848260619046912
1318848141530103808
1318847810628964356
1318846566246002688
1318845559919251457
1318845515610685440
1318844343331991553
1318843927357739008
1318843919552098304
1318842755427303425
1318842081037684736
1318840667502759942
1318840200014008321
1318838705424039936
1318838496606433280
1318838353777876992
1318835327432261632
1318835323913162752
1318830774464868352
1318830372055109637
1318830240987316229
1318829893501800448
1318828973887991809
1318828145680785408
1318828044589682688
1318823884951588867
1318823221647581185
1318822541075644416
1318822034063921158
1318819535026257921
1318817564370325504
1318813987224551424
1318813639634259968
1318811268833267712
1318810172182200320
1318808817052897280
1318806391675625474
1318806205637283840
1318803274812821509
1318799365146890245
1318795639946399744
1318795593825832968
1318794890260733952
1318794405051060225
1318793876338069504
1318793285058629633
1318790791049941000
1318787311501529088
1318784866448715776
1318784605131051009
1318784081472212992
1318783207798693888
1318783138236108800
1318782446889033728
1318778278853943297
1318778039065509889
1318777376847835142
1318777073419378688
1318775914881339393
1318775566691110913
1318774337395195904
1318772245112684545
1318770409882505217
1318769914451267584
1318769345040949249
1318769244683816960
1318768586169720832
1318766208498401285
1318764006497202177
1318758241619353606
1318750943584964611
1318744188377309190
1318733302719799297
1318727715462258689
1318725824741314561
1318713512953319424
1318707931815301121
1318707370629992448
1318703390071848960
1318699555433611269
1318698939252723712
1318694045326188551
1318691815604801537
1318691225201934336
1318691023481167883
1318689302512099339
1318688327017562113
1318685819020992515
1318685548123389952
1318683715120386048
1318681212756676619
1318680317696278540
1318680237329309696
1318679958999474176
1318679216737669126
1318678546898931716
1318677136727834625
1318676384794005505
1318675760350220289
1318673078851981313
1318672505557700608
1318672040044482560
1318671290560118786
1318671181000642560
1318670759586336769
1318669464431460353
1318669027577892864
1318668723985809410
1318667900455182337
1318667388922023936
1318666003270819842
1318665453888208899
1318664807646662657
1318664517828694016
1318664402585980930
1318663790314070021
1318662684158644225
1318662606916374530
1318662257136590848
1318661740297654274
1318661357865209856
1318661099819044865
1318661021393977345
1318660611098685440
1318660514038382593
1318660013578215428
1318659474383568897
1318657960294420481
1318656758706032642
1318656601977401348
1318656414311714817
1318656206492270593
1318655538394259461
1318655166741176323
1318654181268475905
1318654003559960585
1318653799821705219
1318653779219283971
1318653397529169925
1318653234760830983
1318652827615584258
1318652699118915593
1318652141175775237
1318651785419149316
1318651185553879044
1318650939771920384
1318650251520204800
1318650151368613890
1318650091545255936
1318650021097725955
1318649470687522819
1318649324142813185
1318648992318820355
1318648566550757382
1318648549672931330
1318648402897416192
1318648275889770497
1318648178929958913
1318646988582342658
1318646206378246157
1318645523000287235
1318645362601721856
1318645155306622978
1318644398339592197
1318643306356760580
1318642796903960581
1318642708743938049
1318642584944783366
1318642103635873793
1318642031611305991
1318641145170243584
1318641069983191041
1318640876579549184
1318640377440669696
1318639927911919616
1318639193489313800
1318639070462042115
1318639039025729543
1318638776223150082
1318638390594633732
1318638095693238272
1318638090592944128
1318637897394884610
1318637641336819714
1318637501330894848
1318636497642360840
1318636424749568002
1318636234181431296
1318636133597708292
1318636116145262593
1318636069043245065
1318635571548426243
1318635560152563714
1318635526296096772
1318635495912579074
1318635343554412546
1318634704501936129
1318634483143278592
1318634261143015425
1318634227039195137
1318633727388487687
1318633662431330307
1318633491832147969
1318633352149258251
1318633339981529089
1318633188537913346
1318632065718505472
1318632011704225795
1318631825644965888
1318631703628439555
1318631559319199745
1318631534564462593
1318631390813016066
1318631219756699652
1318630685184319488
1318629592094134273
1318628505194799104
1318628436588507138
1318628185123278848
1318628025106386944
1318627525036265479
1318627232487776256
1318627006897180677
1318626391114526721
1318626005653835779
1318625052800278528
1318624725669740546
1318624425563009026
1318624425433010178
1318624388112056326
1318623947794059264
1318623713408016387
1318622809589952515
1318622725993336832
1318622607021953026
1318622547332784130
1318621393186062337
1318620945553162242
1318620861029560326
1318620406165786625
1318619878253862915
1318619790244720646
1318619342129516547
1318619268687237127
1318618982920916992
1318618855762235392
1318618339523035148
1318617543989407744
1318617542093606915
1318617455799959565
1318616390048374790
1318616370234445827
1318614854073188352
1318614431421681664
1318613656733626375
1318613559505543170
1318613516388093955
1318613436771782657
1318613357352620040
1318613270811545603
1318612570899685379
1318612382994845696
1318612183530557442
1318611981981667332
1318611497203994626
1318610918801088512
1318610867034951680
1318610813779955712
1318610745454624768
1318610478856359943
1318610284790095873
1318610051922300932
1318609364933054464
1318608919963619334
1318608888598568962
1318608645249245184
1318608372791414785
1318608210484486151
1318607971115466752
1318607934797086727
1318607661848559617
1318607489047330818
1318606847251795970
1318606519068430336
1318606365703704576
1318606346607001601
1318605854841724931
1318605801150447618
1318605646095405056
1318605616055803910
1318605215390699521
1318605092510191616
1318604724539674626
1318604688154124293
1318604278446120961
1318604228739432449
1318603931203796995
1318603865583980544
1318603734952312832
1318603684851363840
1318603074383085571
1318602959681429509
1318602867532587013
1318602854261719040
1318602579933364226
1318602006399979522
1318601958480138240
1318601879996301314
1318601622604435456
1318601618787569672
1318601043601707009
1318600994629050369
1318600787115823107
1318600345761828864
1318600301264490496
1318599920945926152
1318599808542715906
1318599779132342279
1318599410964664329
1318599399619125248
1318599358091231233
1318599305641459714
1318599102192549891
1318598698302164992
1318598544371101697
1318598310941306881
1318598257115910151
1318598228103876609
1318598001569484807
1318597908334346241
1318597888834981888
1318597870560444417
1318597605576921093
1318597339347550208
1318596971825930240
1318596542836674560
1318596389027385344
1318596289500774407
1318596245015961601
1318596240972591104
1318595892291817474
1318595678457761792
1318595216283193345
1318595174520573953
1318595088948301827
1318595064722063360
1318594989857845255
1318594874267045889
1318594778301386756
1318593703833985025
1318593643725393921
1318593476146102272
1318593295405252608
1318593196339941376
1318593070284365826
1318593068300423168
1318593031105368065
1318593013631897601
1318592676225273867
1318592641924321282
1318592401317847041
1318592133243326464
1318591638151811073
1318591577447669764
1318591484321583105
1318591317128237061
1318591234445815809
1318590978916274178
1318590671591297024
1318590504309850113
1318590382595280896
1318590194845704193
1318589591163670528
1318589509974581249
1318589476994797579
1318589375828185088
1318589328294019075
1318589322908606464
1318589211885359111
1318588909920669696
1318588883269976064
1318588875703541760
1318588736549097484
1318588692454309893
1318588659176820736
1318588628998737920
1318588603635781632
1318588406604193794
1318588291915153408
1318588243504451586
1318588150189559808
1318588028684783616
1318587915765645312
1318587841878908928
1318587837965631490
1318587723352068096
1318580092621250565
1318568454073536512
1318557354376429575
1318547830999519255
1318547138381479941
1318538251540615168
1318533887488888832
1318533803296653313
1318531340384538626
1318523120328843264
1318520678706970624
1318518673330634752
1318516900507357184
1318513406517923841
1318513404127170566
1318513308383776769
1318512547268526081
1318512144476966912
1318512000654315521
1318510830061834240
1318510633822932994
1318510218414796800
1318507894632026113
1318507120258580480
1318499288843014144
1318499230110109696
1318499151596933126
1318499108433334272
1318491642761039872
1318489416940257281
1318487810916159489
1318486285040914433
1318483902277746688
1318476500895662080
1318474819764092928
1318471213774262272
1318466742302244872
1318466531534229504
1318465768611319811
1318462820124680193
1318459824418545664
1318459356355153920
1318458919212167169
1318457409342492672
1318456693156622336
1318456672285822976
1318454477179990017
1318454164683358211
1318454083402031104
1318453735568396288
1318450120212533254
1318448308331909120
1318447089735639041
1318447044827242496
1318446309049798658
1318444317111889920
1318442952121896960
1318442938989502464
1318442856726646790
1318441981073367041
1318440158094557185
1318440096929034242
1318439055294668800
1318438616264282112
1318437968676331520
1318437956978380800
1318435596344459264
1318434954490105857
1318433597301379073
1318428514677362688
1318425453355503618
1318420321628790784
1318420285373243393
1318420252028522496
1318420236752855046
1318420220122456065
1318413657798332417
1318410802047688704
1318409597141635076
1318406420514164738
1318403811933868036
1318392018909974531
1318378722047787008
1318357093037051910
1318351301772779522
1318334223019892736
1318330110697738240
1318320341047980038
1318315878421843968
1318314660014313475
1318314227770249218
1318313704111431680
1318313153952972800
1318308533465714688
1318308333934333952
1318308331669291014
1318308024029712384
1318307397354532865
1318306309247275011
1318304263626436609
1318302920027373568
1318302109666807816
1318301300682010624
1318299840728752130
1318298782392590344
1318297937135521793
1318295923416510465
1318294293925269505
1318294134734585862
1318292339450908673
1318291463977959424
1318290815660285953
1318290281872109569
1318288357353541634
1318288113681244171
1318287105571815429
1318285363690033152
1318284997653090305
1318283938964570114
1318282125465030661
1318282111401549824
1318281685780164609
1318280935255740420
1318280632326221824
1318279787543220227
1318279107696885763
1318278909000060928
1318277792971280384
1318277440603566081
1318277412120072193
1318276554976382977
1318273607034953728
1318271926507393025
1318271714191659008
1318269456133619712
1318267541484113921
1318267145122447362
1318266485949816834
1318265278153805827
1318265091767341058
1318264398973177856
1318264325694521347
1318263936849006594
1318263868284698632
1318263253714292738
1318262531350286336
1318262466149842947
1318262285178183680
1318262039228416005
1318260391798054919
1318260326199140352
1318260213192007680
1318259607584858114
1318259019627331586
1318258856661819392
1318258386593435648
1318257392417673216
1318256706372206593
1318256233804161024
1318255555358695429
1318254365606633474
1318253580046995457
1318252177354272773
1318250610148388866
1318250217939128320
1318250203456151553
1318250191892471812
1318250001911472129
1318249087746146304
1318248335757791232
1318248055569788943
1318248009130561539
1318246371359678466
1318245695548235777
1318244621865058306
1318244229794140161
1318244038189920256
1318243258951237632
1318241042932654081
1318240833150324737
1318240155375964160
1318239344071725059
1318238298486300672
1318236576351162369
1318236484827336707
1318235461719101441
1318234004458475523
1318233928587726848
1318233845641191424
1318232273146306560
1318232224974708737
1318231952722448384
1318231203196133376
1318230076882849793
1318230075364528129
1318229973438730241
1318229375997890565
1318228320643928065
1318227850772754433
1318227114152370182
1318226827366846465
1318226675851759617
1318226157741969411
1318225884768329730
1318225159833161729
1318224045914132482
1318223758180732929
1318223756997820416
1318223635191050240
1318223232537890818
1318223220282150914
1318222053569404931
1318220557511499777
1318220225624657922
1318218483633655809
1318218387940642817
1318217461221785600
1318216990738317315
1318216372774645760
1318215699475632133
1318215630198329347
1318214606310002688
1318214268974747648
1318213271539847173
1318213132268044290
1318211009044152323
1318210347459817473
1318210290962542593
1318209361886519296
1318209041647177730
1318208529568849929
1318207938213957633
1318207865941876738
1318207543148150785
1318207511539965955
1318207163106545666
1318204637984546816
1318204498125459462
1318203570961993728
1318202540853501954
1318202267204521989
1318202208111001603
1318201582643761153
1318200772195209216
1318199396199268352
1318199092149977090
1318199008263852034
1318198237610856450
1318197121661739009
1318197088547647489
1318197002606346244
1318196915679432707
1318196903419518976
1318196486232997889
1318196410806915072
1318195709762568193
1318195197998731264
1318194268410884098
1318193626892161030
1318193437632593922
1318192779353329664
1318192735749287936
1318191462778048514
1318191359241687041
1318190766137745408
1318190742276243457
1318190530128453639
1318189925871865862
1318188987270549504
1318188977803960321
1318188886405861376
1318188717928972288
1318188281541033985
1318187860114145280
1318187835342598146
1318187787322036226
1318187615745675266
1318187592811270150
1318187200287223808
1318187166497972226
1318187135833239553
1318185348162293761
1318185228842733568
1318184444147208192
1318182685467082760
1318182685139963907
1318181929989120000
1318180631533309959
1318180109199749121
1318179498668494849
1318178862107414528
1318178813281447936
1318177390556811265
1318176674505236483
1318176348410728449
1318175770892709888
1318175722964439040
1318175627497832449
1318172019071111168
1318171603545501696
1318171512675966977
1318171214611910656
1318170901221867523
1318170652579450880
1318170110322933761
1318169770869559296
1318169087713869825
1318168570875006976
1318166951995334656
1318166781761040385
1318166773640925185
1318166696075681792
1318166696042135552
1318166536058699777
1318166414604251136
1318165739006734343
1318164296082272266
1318164096060170243
1318164051885760512
1318163757437231105
1318163411256172544
1318163172700921857
1318163137569370113
1318161951655153665
1318161923360378880
1318161555612196865
1318160866093813761
1318160809827196929
1318160720593326085
1318160552963772416
1318158422102200320
1318158157571653632
1318157987505111042
1318157227719622656
1318156703452532736
1318156496807579648
1318156146033778689
1318154337575686149
1318153939024367616
1318153015816278016
1318152660973981697
1318152534582853632
1318152279187390467
1318151755432067073
1318151662511456263
1318151592210796544
1318151476187959296
1318151452385333248
1318150455806119936
1318150405029826560
1318150177178456064
1318150013810319360
1318149898051747841
1318149703658254336
1318148789174194176
1318148557615079424
1318148477604462592
1318147931359281152
1318147317422280709
1318147091236032513
1318146897664741377
1318146862575177728
1318146807151603712
1318146201976512518
1318146199103426563
1318145960837513221
1318145902251544577
1318144228380299265
1318144199477366785
1318143817351049218
1318143125173534721
1318143081322057729
1318142920617328642
1318140876108009473
1318140341631975431
1318140085095849986
1318139320646225921
1318139217470423040
1318139166677491713
1318138839874023424
1318138825936437248
1318138787562741760
1318138373731647489
1318137771492577280
1318137538117337089
1318137414356008961
1318136855917985792
1318136697478123520
1318136524425355264
1318136289330417671
1318136246934405120
1318136173169201152
1318135469004279809
1318135290737922048
1318134912046825478
1318134846913478659
1318134533334630400
1318134361389236225
1318134292359401472
1318134100541231105
1318133559790608384
1318133357167988736
1318133294278561795
1318132793680035842
1318132663346208768
1318132477588811776
1318132214576668672
1318131949056176128
1318131456477138944
1318131193293004800
1318131024421920768
1318130343829012481
1318129953884471296
1318129402316816385
1318129317113700352
1318129241746190336
1318128849692090368
1318128829878206469
1318128597949992960
1318128218185093120
1318127905503838210
1318127695293800448
1318127323972067328
1318127091179728896
1318126473660739585
1318125810335817728
1318125685140000771
1318125657717641216
1318124641831940098
1318124326634332160
1318123745094127622
1318123560800538625
1318123448133091329
1318123336778612736
1318123312107708418
1318123191953510400
1318122895248338950
1318122562833027073
1318122404422553606
1318122164617420805
1318122074825756672
1318121556753682437
1318121425455226880
1318121163684499456
1318121153572098048
1318120867818254338
1318120498899898368
1318119982631428098
1318119110895673345
1318118874269798400
1318118860889985024
1318118819437621248
1318118502427971586
1318118439697907713
1318118068686639111
1318117963485118465
1318117420947689472
1318116639343345670
1318116419633111040
1318116210190524422
1318115820887748608
1318115766017863681
1318114987022471170
1318114911084597249
1318113848004612096
1318113796364271616
1318113669356584961
1318113633331707904
1318113603040514048
1318113275767390214
1318113259967422465
1318112986771447808
1318112891170586624
1318112724010893314
1318112637801189376
1318112383517249536
1318112290802159617
1318111961658384384
1318110832170029056
1318110558365757441
1318110463377420289
1318110268338163712
1318110225547878406
1318110198825963520
1318110094438051841
1318109839432835074
1318109834378620929
1318109824769511427
1318109692510482439
1318109682393808896
1318109565020491776
1318109428684627969
1318109334304415745
1318108985589964800
1318108365063585793
1318108269244723200
1318108111350190080
1318107835755094016
1318107604686655488
1318107298095652864
1318107206072631296
1318106352984743936
1318106306214055938
1318106293119438849
1318106274328940544
1318105484705017856
1318105467558690820
1318105457349767168
1318104891982860289
1318104707559231490
1318104671756705792
1318104562184716293
1318104482195136514
1318104350301061120
1318104146139074560
1318104110990807045
1318103979218358273
1318103916354150401
1318103868094451714
1318103506881052672
1318103441210806272
1318102555587760128
1318102153135902720
1318101609340112897
1318100839643447297
1318100192487526402
1318100126741778433
1318100112992833537
1318099980092121089
1318099914879008769
1318099774021750784
1318099766174228482
1318099728366784512
1318099702970187777
1318099689938604032
1318099571801804800
1318099567506714625
1318099508853641216
1318099402876194816
1318098973723418625
1318098886930649089
1318098700569280519
1318098594122125312
1318098553735122945
1318098505756516357
1318098421429972992
1318098172464500736
1318097900572987393
1318097857480712197
1318097561585127424
1318097487903838208
1318097411701723136
1318097151629688834
1318097124987469824
1318096995295383552
1318096947325132800
1318096807021449216
1318096684258385920
1318096638800519168
1318096565806968833
1318096553945464832
1318096471024087040
1318096242782633984
1318096071713869824
1318095859645546497
1318095631873880064
1318095518631866370
1318095409588350979
1318095384191881219
1318095366877741056
1318095125847965696
1318095098450673665
1318095021120364545
1318094667477639169
1318094575630733313
1318094423599861760
1318094410702311427
1318094382709547009
1318094375411453957
1318093921679966208
1318093638921052166
1318093392652476417
1318093309668184064
1318093306191020032
1318093302135197697
1318092762856722434
1318092610741948416
1318092360115490817
1318092353211666432
1318092077587173377
1318092031223279616
1318091987472568320
1318091749882056706
1318091527919407104
1318091387909427200
1318091370373042176
1318091320855044096
1318091178580037634
1318091164617199621
1318091158086668288
1318091129385091074
1318091012183609344
1318089977545265152
1318089763002474498
1318089704580009985
1318089522467557377
1318089200617619457
1318089185216122880
1318089179943895040
1318089163422486528
1318089125438816256
1318089124323131392
1318089062360715274
1318088863701737473
1318088687121539074
1318088684542066688
1318088608243396609
1318088569303478272
1318088489871634432
1318088420183461888
1318088266868994054
1318088266684469248
1318088048660406274
1318088019484856320
1318087964426207234
1318087924878090240
1318087872206016512
1318087685416898561
1318087527560105984
1318087364548448257
1318087231362519040
1318086994027778050
1318086864465584128
1318086848351186945
1318086771004067840
1318086751269826560
1318086624971001857
1318086334536388610
1318086260683120640
1318086188905992192
1318086051173437440
1318086020739588096
1318085873343352832
1318085831538692096
1318085775578288128
1318085715624853504
1318085187322957825
1318084912113684480
1318084907344760834
1318084803506458624
1318084513805774850
1318084432742486018
1318084321815781376
1318083855228829697
1318083584335482881
1318083269578076160
1318083112782409728
1318082970163564544
1318082805134512129
1318082787572928512
1318082776860590080
1318082749719322624
1318082314283384833
1318082269991653376
1318082235866689537
1318082168002850816
1318082062419636224
1318082019193217024
1318082005880418304
1318081970337873920
1318081371676549120
1318081083922124800
1318080958332047360
1318080937431879680
1318080725485260801
1318080408991432704
1318080230100291586
1318080188366917632
1318080070137892864
1318080023006412801
1318079866978390016
1318079570034216960
1318079486848544769
1318079103057027072
1318078990385631232
1318078861750534145
1318078486632931328
1318078386879725568
1318078113465683968
1318077469681979392
1318077021839306752
1318076629130878976
1318076528844918785
1318076477318008833
1318076414453829635
1318076398557421568
1318076349366607872
1318076297210417153
1318076209939578880
1318076047393513473
1318075980238520321
1318075904434839558
1318075829155471360
1318075597713801216
1318075522086281216
1318075500036849664
1318075496794640385
1318075400644403200
1318075282255994880
1318075201792413698
1318074881355952133
1318074683728777217
1318074592519401472
1318074343851778049
1318074030440763393
1318073937750904833
1318073904796151808
1318073680170307585
1318073447646437378
1318073362959290368
1318072950579494913
1318072760023863297
1318072668726398976
1318072511691632645
1318072473729048576
1318071623275208704
1318071264720936961
1318070739396939776
1318070702180806659
1318070674427203584
1318070453219565569
1318069867430465537
1318069481625821184
1318069456246104066
1318069411723595776
1318069237035008003
1318069070898540545
1318068753121378304
1318068659248615424
1318068387856175106
1318068102291218433
1318068035148722177
1318067603294879744
1318067342568456193
1318067294111715328
1318066879840346112
1318066780384956416
1318066684020858882
1318066630010769409
1318065854018392065
1318065847269687297
1318065807356792833
1318065765589880833
1318065694769090560
1318065690092490758
1318064950393425920
1318064908207071233
1318064788019306496
1318064356173762560
1318064238791938050
1318064137906343936
1318064097058050048
1318063540582944768
1318063329823379456
1318063173858217984
1318062972783263744
1318062802653896704
1318062759255379974
1318062668494917633
1318062435375456256
1318062365309546497
1318062178314948613
1318061559243997189
1318061329215901697
1318061173841985536
1318061053159374848
1318060762821201920
1318060700481118209
1318060663739211776
1318060363573755905
1318060349401239553
1318060347899740161
1318060262583341061
1318060104047001601
1318060068152221697
1318059784805953536
1318059618485010432
1318059612650819592
1318059146525184000
1318059034239504389
1318059028333924352
1318058606596657154
1318058276332896259
1318058275959656448
1318058237724397568
1318058096216985600
1318058080442220544
1318057898921119744
1318057803760738304
1318057610453581825
1318057334317481985
1318057020168220672
1318056813720489984
1318056459465330689
1318056202731925504
1318056094732877824
1318055764439728128
1318055582847406080
1318055579730862080
1318055573657735168
1318055492623716358
1318055453541191680
1318055318413344768
1318053301108310016
1318052123758702593
1318051447636938752
1318051066752208898
1318050464391462917
1318050319885094912
1318050231385313281
1318049643046096897
1318049092271038465
1318047347721588737
1318047210232336384
1318046711986688000
1318046446252412928
1318046385401483266
1318046321413074944
1318045958794608640
1318045780071022592
1318044688293765120
1318044146133762048
1318043245142835200
1318043220388024320
1318042706833231877
1318041748359217153
1318041217465200640
1318040965173620737
1318040462398291973
1318039703107547137
1318039653342171136
1318039564108353536
1318038430811643906
1318037570824118274
1318037432261091329
1318036901966860288
1318036600094416898
1318036030256271360
1318033963378757632
1318033562365460487
1318033269951057922
1318033183431012353
1318032513542033408
1318032342439571457
1318031791500988417
1318031734592524288
1318031365057748992
1318031081845772290
1318030061681999872
1318029337111691264
1318024637578694656
1318023190392819713
1318019342018240513
1318018193991098368
1318011832641196033
1318009766766141442
1318007025167667200
1318002287311282176
1318001319228092421
1317998014196289550
1317990938271244289
1317987768883175424
1317987753703972865
1317987610594283521
1317987500149907462
1317986881532010496
1317986691081211904
1317986674631061505
1317985824135389189
1317985318218436609
1317984953653747716
1317982960897937409
1317982454783803393
1317982353281744896
1317980356453216267
1317978807668703232
1317978782494560263
1317978732284514312
1317976054926053376
1317975503299596288
1317974568141717504
1317974422242926593
1317971900425973761
1317971899696205831
1317971042057465857
1317968270927036423
1317968225599164417
1317967876612116482
1317967595908325377
1317967495106613249
1317966684267962369
1317965004168155136
1317964914011574272
1317964910740054017
1317964834428932097
1317964824240967680
1317964607038816257
1317964162459455488
1317963720304283649
1317963469006819328
1317962745787174914
1317961989411536902
1317961155697147904
1317960823764037632
1317960470461095945
1317959986799140865
1317959587408965632
1317958997161447426
1317958748158054400
1317958480771354626
1317958284746379265
1317957585899802624
1317957492194922496
1317957425429958656
1317957354730696709
1317957084789510152
1317956623470596101
1317955269767344129
1317955008315490305
1317954971913101324
1317954114379186180
1317954023736201216
1317953831196610562
1317953772518363142
1317953155561365505
1317953132131962882
1317953117909061632
1317952441099452416
1317952346253676544
1317952339756654592
1317951611784908802
1317951216358461445
1317951071210319880
1317950999118663681
1317950766997491714
1317950549459873793
1317950047607246848
1317949946004492290
1317949847392145408
1317949843533385729
1317949540834660353
1317948743539478530
1317948672919937025
1317948571304534021
1317948300730007553
1317948135478538246
1317947760356823040
1317947565036474373
1317947520522326018
1317946887991943173
1317946765635629056
1317946681527336962
1317946412986925057
1317946165032292353
1317946049298915328
1317945782113308672
1317945780112674816
1317945724944982016
1317945672486801414
1317945505050169345
1317945471747448832
1317945369154682889
1317945046587613186
1317944857600602119
1317944683394379778
1317944567992340486
1317944542096654336
1317944509112721408
1317944109689196546
1317944080781934595
1317944056522133505
1317944002403049476
1317943899965501441
1317943867233193986
1317943770042818560
1317943512248221696
1317943452106018816
1317943391011876865
1317943325366898688
1317943150598565891
1317942989507919875
1317942817621266432
1317942198781005828
1317941740041654273
1317941738481352704
1317941638208102401
1317941222842028033
1317941118185734145
1317940882155458565
1317940864539349000
1317940862647754757
1317940837007974404
1317940799225593858
1317940739729465344
1317940603942993922
1317940422921101313
1317939682383101953
1317939588342575105
1317939473032892416
1317938834219409409
1317938807786930176
1317938574399053831
1317938184890744833
1317938138988367880
1317938136064888833
1317938102040776704
1317938065638305793
1317938061305663488
1317938015390621698
1317937885753102336
1317937814084923392
1317937753372430336
1317937563827654657
1317937484609761281
1317937326555828224
1317937302644133891
1317937249061928965
1317936960938409990
1317936931062353920
1317936875995267075
1317936692398071808
1317936647497986048
1317936645707018255
1317936538580357131
1317936480250220544
1317936165769662466
1317936127995772945
1317936126448029696
1317936123650375680
1317935757089071104
1317935672301334535
1317935641989185537
1317935601992323074
1317935399323553792
1317935353542696962
1317935202270908417
1317935182557663238
1317935147434594305
1317935146981535745
1317935144695697421
1317935047601696769
1317934777731895296
1317934748346552320
1317934664498237442
1317934595304730626
1317934580058521601
1317934393105747969
1317934159613075457
1317934144857526273
1317934106840367104
1317933760730509314
1317933731710177281
1317933724869128192
1317933718300971011
1317933708666654720
1317933572850896896
1317933521806233600
1317933491355570179
1317933395968745476
1317933149477916673
1317933026324643840
1317932947819868165
1317932851023798280
1317932757402701824
1317932745717407744
1317932677593501696
1317932660510117888
1317932458650763265
1317932400974958593
1317932360281821184
1317932350668476417
1317932301649694720
1317932296461144066
1317932147936841742
1317932126029946880
1317932051039911937
1317932048280129537
1317932029447634944
1317931878683463680
1317931866511577088
1317931805614497792
1317931748941041666
1317931573690466305
1317931446246514688
1317931416949227526
1317931392320344066
1317931321281445889
1317931318525759488
1317931306769174528
1317931303149441024
1317931269137850368
1317931269100011522
1317931240540995584
1317931211319353349
1317931168243863559
1317931120953069570
1317930981010083840
1317930964811657218
1317930909371371520
1317930585101373441
1317930581456539648
1317930490276478978
1317930418520395778
1317930382046777351
1317930336861474816
1317930260395065351
1317930186478919684
1317930173254324229
1317929888213536770
1317929762002710532
1317929734618206208
1317929729584975873
1317929716884606987
1317929656839004161
1317929598235987968
1317929355956408321
1317929221088530439
1317929169095884806
1317929161332301833
1317929145159004161
1317929136145518593
1317929036417585152
1317928962304167947
1317928726273937416
1317928608015462402
1317928508811857922
1317928203609100289
1317928066694500357
1317927982145638403
1317927782337417217
1317927715694120964
1317927680847843328
1317927640674799622
1317927376731471877
1317927201522749440
1317927150842990593
1317927068970221569
1317926954859978753
1317926921603264514
1317926919426478080
1317926771577266176
1317926583148097537
1317926576919556096
1317926569436942340
1317926476151463939
1317926330651037702
1317926157531140097
1317926087423369217
1317926069517901824
1317926039734145024
1317925991528960000
1317925781750894592
1317925715124379660
1317925711957590018
1317925421112053761
1317925242451492867
1317925154186530818
1317925054743781377
1317925053112213512
1317924941044633600
1317924825604739073
1317924452290748416
1317924328328089605
1317924160081899523
1317922995025960963
1317922661226467330
1317922609133223936
1317922500668514305
1317922472994496513
1317922390786101248
1317922327888338944
1317922296275894273
1317921991685509120
1317921932034146304
1317921925839151105
1317921906767646721
1317921596305276928
1317921329727836162
1317921186966347777
1317921159158136833
1317921147413999617
1317921091281715200
1317920953888886791
1317920931935903745
1317920896049438721
1317920777447100418
1317920715673358336
1317920704713662465
1317920308008046594
1317920043032870913
1317919652119482369
1317919482862592002
1317919453770907656
1317919222434058241
1317919012060336128
1317918966782754816
1317918819722166280
1317918456159887360
1317918162185224192
1317918160562040836
1317918130283466752
1317918062834757634
1317918045042606080
1317918020405256192
1317917982992064512
1317917937563504651
1317917853379665921
1317917834798915590
1317917795863175173
1317917556255096832
1317917469219184641
1317917451498213377
1317917434297405441
1317917377212841984
1317917323282481153
1317917248997163008
1317917165450911744
1317916979928379393
1317916939029778434
1317916877973262336
1317916762911002624
1317916589984014339
1317916109975244800
1317915635947573254
1317915389683257349
1317915097109532674
1317915080026095623
1317915024942354438
1317914937914761217
1317914929425469447
1317914900707102722
1317914868704575488
1317914834554490882
1317914794138226689
1317914707915907073
1317914671454785542
1317914536456953856
1317914376855199744
1317914322803302402
1317914023996936207
1317913933940989953
1317913931097276419
1317913918942097408
1317913915129548801
1317913894879481862
1317913795948404736
1317913765489332224
1317913656814931970
1317913612699242503
1317913431647932417
1317913395505582080
1317913209244962816
1317913184670535681
1317913081029210112
1317913022246027266
1317912970962309120
1317912892646346757
1317912782256340999
1317912634436521985
1317912424658444301
1317911973036761089
1317911890559983616
1317911848302317568
1317911760733691912
1317911712310415373
1317911279735111681
1317911247241838592
1317911219999772677
1317911158012129282
1317911129658675206
1317911118367608834
1317910997705830405
1317910265753563136
1317910214314774529
1317910204047122432
1317910196522524672
1317910139396100096
1317909813809086465
1317909783551279104
1317909736059211778
1317909560770891783
1317909477006413827
1317909403727777792
1317909292188639233
1317909288116015104
1317909095526125575
1317908962604421120
1317908876012945413
1317908782421258241
1317908757754662914
1317908650309144581
1317908611360841730
1317908583401558016
1317908535880126465
1317908450005995525
1317908444100333573
1317908404929703937
1317908349556580353
1317908297450741761
1317908272410710016
1317908205322833920
1317908086988902407
1317907881954627586
1317907868545355781
1317907831987818497
1317907762429513735
1317907700152414209
1317907668225372160
1317907556224872448
1317907528399937536
1317907498515468288
1317907460838117377
1317907399513153536
1317907392420511745
1317907262988570624
1317907253450637315
1317907207233654785
1317907203374878722
1317907193929388032
1317907150027563013
1317907143991885827
1317907121124630529
1317907100249501702
1317907048663781376
1317907044029124609
1317907043014029312
1317906977855557633
1317906959279030273
1317906708526673923
1317906677446938625
1317906663156973570
1317906657620480006
1317906629250134016
1317906605023858688
1317906589869854721
1317906494730473474
1317906493530923008
1317906328468230145
1317906257416773632
1317906120451805191
1317905637993549824
1317904516486975488
1317904311142273026
1317904298798419970
1317903250096521219
1317903042432425984
1317902124337025025
1317901877342863362
1317901464417783809
1317901365205737472
1317900860660350978
1317900598197522438
1317900534058287104
1317899843042447363
1317899661768859648
1317899144606978048
1317898989350625283
1317898926515769344
1317898781032128516
1317898238360510464
1317897878686367744
1317897582283083776
1317897440930877440
1317896705627521031
1317895964561149952
1317895680011153408
1317895401652031488
1317894932363907074
1317890710021033984
1317890306935762951
1317890125959974912
1317888618237726727
1317888404999172099
1317888351375151105
1317887995505217536
1317887890156900353
1317887579291848704
1317886787780489216
1317885993324863496
1317885979668238336
1317885538108571648
1317885500917747719
1317884975690207233
1317883844402479110
1317883778853965829
1317883492663951361
1317882996591071235
1317882903838314498
1317882474689712128
1317882080349519873
1317881969854865408
1317881285054955520
1317881035879829504
1317880788243910658
1317880464154238979
1317880448702418944
1317879372813111297
1317879228986232835
1317878702844354566
1317878563278901254
1317878370470854656
1317876903785746436
1317875956963565568
1317875855566245888
1317875774494572545
1317875424043597825
1317875314576470019
1317874119166361606
1317873590906327042
1317873504746962946
1317873161090879501
1317873125305044998
1317872840339820546
1317871870579003392
1317871862496583680
1317871669680242688
1317871414922350598
1317871010658586624
1317870936759164930
1317870097017544704
1317869878779564033
1317869878766899201
1317868277809504261
1317865771771506690
1317864885129273346
1317862271779995649
1317860374797078528
1317859764907479047
1317859207882903556
1317858833931395073
1317857009593651201
1317856793717071873
1317856418427535360
1317856221907607561
1317855924468523009
1317854335590608905
1317854248776904706
1317853827933097984
1317853758051766272
1317853495907803138
1317852625879093249
1317852553992949764
1317852317232865280
1317851928399839233
1317850043001556993
1317849834334932993
1317849819201798145
1317849674133417984
1317849611042754562
1317849504733974528
1317849266069655552
1317849185354436608
1317848542216671234
1317848035267936260
1317847894356070400
1317847507704098816
1317847360899325952
1317846877505769472
1317846022861848578
1317845176946200576
1317844976114503680
1317844951028387841
1317844618512400385
1317843933058240512
1317843319821656069
1317843171561426945
1317842675643654144
1317842546316529665
1317842086595616773
1317842029016158210
1317841786560184322
1317841680427585541
1317841238138245120
1317841097218052096
1317840786298343424
1317840186395549696
1317840010134102016
1317839587855749123
1317838993652940801
1317838505062576128
1317838417737191425
1317838403954790401
1317838250225160192
1317838204771438592
1317837913296687107
1317837520500129792
1317837426639986694
1317836701356707840
1317835971073839104
1317835870456741894
1317835344419672065
1317835299469361153
1317834273920077824
1317833887691595777
1317833224266145795
1317833156360286208
1317833092724391936
1317832681921630212
1317832648354648064
1317831995234332673
1317831339618537472
1317830852995371008
1317830301943582726
1317830215620505600
1317829927329239040
1317829919494242304
1317829594553212928
1317829443017187328
1317828647173107712
1317828233673560064
1317828145765060610
1317827988042416128
1317826790270865410
1317826774005391360
1317826735484915712
1317825598283186176
1317825523188367360
1317825343944798208
1317824485450567680
1317824420778573829
1317823307782258695
1317823219458625538
1317822763902619649
1317822610076553216
1317822493340717059
1317821745311735808
1317821664395218946
1317821582799196166
1317821412082655232
1317821007286177793
1317820170618982400
1317819276179505153
1317819169434443777
1317817810194747392
1317815647934533634
1317815392958631937
1317815379515875334
1317815239858180097
1317814315219636226
1317813798082957315
1317813695750328320
1317813682097750016
1317813520898150401
1317813002482188289
1317812992122245120
1317812836991643648
1317812828376649728
1317812309369196544
1317811868640157696
1317811802244321281
1317811644739821568
1317811640843313154
1317811351725740033
1317811301297639424
1317811027417944065
1317810961844211712
1317810317863342081
1317810154025353219
1317809723702452225
1317809456395276295
1317809069986631683
1317809064966049792
1317808654968590337
1317808544880726018
1317808188851425287
1317808057947164672
1317807999260495872
1317807943249776641
1317807788312219649
1317807390268575744
1317807352624652288
1317807226170544131
1317806795994390529
1317806793628712962
1317806640318611489
1317806465357328384
1317806166685220864
1317806165535969280
1317806115875360768
1317805885847146508
1317805689725661186
1317805377455575041
1317804885958676480
1317804499818450945
1317803916256489472
1317803836552171520
1317803641684824064
1317803450625888256
1317803378030804995
1317799559431675905
1317798011641221122
1317795393548308480
1317791578606473216
1317791434129477632
1317791366836068354
1317791277245759493
1317790864970829824
1317790694484959232
1317790650977423362
1317790439387312128
1317777389452230657
1317773201548640257
1317773136784482304
1317773097202745345
1317772959860379651
1317769817705906176
1317764367090356224
1317762443070812161
1317686600671940609
1317612081206747137
1317603036890583047
1317601702095224834
1317584131908423686
1317571885056614401
1317566680537665539
1317545003472871425
1317543934197977100
1317540680911233025
1317537056042684416
1317526729083277312
1317525876549058560
1317525694231040001
1317522452638060544
1317521245387300865
1317521208825479169
1317497005741166593
1317486388992987138
1317475453326721024
1317464348130988033
1317461156508950528
1317455687551778816
1317454116814204930
1317438108435099648
1317436391693963265
1317432934756945922
1317432551351484416
1317432225617661953
1317432162447228930
1317431262739632129
1317421991775920129
1317406613058277377
1317406589389766657
1317406576400076801
1317398455967428608
1317392719485063170
1317388193642160129
1317385506783678464
1317383196963704833
1317378675474653184
1317378267251310594
1317378206392090626
1317377455225700353
1317377299428352001
1317376485670457344
1317374413361250304
1317374366544318464
1317372339470934016
1317371964512751616
1317367543724691456
1317365850488360961
1317360060197199872
1317359664485584896
1317357556562599936
1317356341724413953
1317355876429254656
1317354657384194048
1317351390885326848
1317351042183516160
1317349905476816896
1317349749071204352
1317348356755197955
1317347327808557057
1317342885344399360
1317341157228249089
1317339640496574465
1317339444672974849
1317338675181723656
1317337148186595328
1317336036272427008
1317334697526046721
1317334221392912384
1317333631115890688
1317332015264444416
1317330618653593602
1317330135876554754
1317328433945391104
1317328353649635329
1317328128956653568
1317327778753269761
1317327708414672896
1317327542668414976
1317327216078934017
1317327108473909248
1317327052236869632
1317326974910570500
1317318418685661184
1317305506160050176
1317239515724087298
1317238369303240704
1317238174272442368
1317232148198395909
1317221219108835328
1317220631331676160
1317220376355741696
1317214595409477632
1317212742722387970
1317207335635505158
1317205487679655936
1317202918928470016
1317198795667537921
1317198330749997056
1317197808030580737
1317197371197911042
1317197163739418627
1317196497272905728
1317192701197062144
1317187754732752898
1317184848109383680
1317184788105555968
1317184307614670849
1317184162860879874
1317181130618114051
1317179698204545025
1317179357752971264
1317176850926477315
1317176567643185152
1317175350321926144
1317174504926416896
1317173552328658945
1317172328451743744
1317172309543866371
1317171684408000515
1317171214729715712
1317170199133622272
1317170105806192640
1317168536058531842
1317163380659060742
1317162949392404485
1317161833363611649
1317156979643719681
1317153561810247681
1317153187590246410
1317148711391272960
1317147293817229313
1317145022228238339
1317145011415404546
1317141881281761281
1317141281093681153
1317140712031457285
1317136057729732609
1317134949783392263
1317133994782326786
1317132275285450752
1317130436473126915
1317128803915722752
1317127492528898051
1317125368743120898
1317125015167524866
1317118855706234880
1317117715497234432
1317117575902408705
1317117420566360064
1317113578227404803
1317113197531365377
1317112413993504768
1317109959390363649
1317098408868532225
1317098268770373632
1317095590124204036
1317094935879995400
1317094925801000960
1317094542382870528
1317093379172425729
1317093030604771334
1317092522188017664
1317092495675789312
1317092480337235968
1317092191391617025
1317091707180191745
1317091487927005184
1317091340728107008
1317088847583469569
1317087753788674049
1317087280306163712
1317087280117338113
1317086081041485825
1317084374932783104
1317083284619350016
1317082664621477888
1317082050634067970
1317081239896076292
1317081181029060608
1317081032072495104
1317080412905242624
1317080378922991616
1317079122837790723
1317079120870666242
1317078093878603779
1317071568921657344
1317065659562577926
1317061027914285058
1317060725563678720
1317058959254069248
1317057371898843138
1317057315988819968
1317056574398005248
1317056431770796032
1317056290615676929
1317056138278522881
1317055935949524992
1317055875098529792
1317055227166658560
1317055220422148096
1317054966985560064
1317053508038819840
1317051702541942785
1317051651002388480
1317034845609054210
1317025948085137409
1317010609737732096
1317002624449863683
1316980178581659649
1316971738467622912
1316961842867130368
1316959665356492803
1316958420805832711
1316958379458351104
1316949222776766464
1316933445591945219
1316917048430166017
1316881711339347968
1316853309693726720
1316851355429097472
1316838250791735298
1316836719703011328
1316833745262063628
1316830019604357120
1316825927624675331
1316825653589798912
1316825508374601728
1316825356788269063
1316820573914267650
1316814624197693441
1316813720677429249
1316810809608110082
1316809346387501062
1316800123289075715
1316795945808547841
1316795641738260480
1316794455085789186
1316792948365942790
1316791945361002496
1316791455910965251
1316790873036906504
1316786898002731009
1316786660647018497
1316783860546506753
1316779860627521536
1316779830181011459
1316777339032940546
1316776643755683840
1316776465397157893
1316773201679130625
1316770635557863426
1316769479276331008
1316768496127180800
1316767387455287296
1316767206722727941
1316764225285558273
1316763261065334791
1316762863340531713
1316762286854475776
1316762207267573760
1316762126019633152
1316760234191392768
1316759598922174473
1316757717260869632
1316756336793747463
1316755779899265031
1316755757556260866
1316754455950487552
1316751509535764481
1316749920930594817
1316749088134701057
1316749034233659392
1316748995864260616
1316745081555226627
1316742751497711631
1316742301021073408
1316742181613449216
1316742076978073603
1316741271248138248
1316738662726610946
1316737066059927552
1316736947331698689
1316736392538607616
1316736142834831362
1316735674498904065
1316735000063152135
1316734914700734466
1316734433790234624
1316733939902488576
1316733462028734476
1316732048497836035
1316731035489636352
1316730724263788544
1316730458579898380
1316729810425651200
1316729055966879745
1316728366096175104
1316727831062290432
1316727714796232705
1316727175115083778
1316726675628007424
1316726074173272064
1316725365407125512
1316724855841136641
1316723952597774336
1316723288392060929
1316722804490932224
1316721721496547329
1316721417526874112
1316706077271101442
1316702634678591503
1316701870602285056
1316701494494867457
1316690263323140098
1316685579116072961
1316680078013718528
1316676975344390145
1316675532927401984
1316666850483343360
1316663967364853760
1316662739390156800
1316658876159270912
1316658114381467648
1316656885387472898
1316656657640890375
1316655639901491201
1316655602450542592
1316653631786156032
1316651822363430917
1316648743064809472
1316648433155964928
1316645173829480448
1316644868102459394
1316642514183557122
1316640090354069504
1316637446759747584
1316636915874123778
1316630861912190976
1316630711491846144
1316630603572355072
1316630002222366725
1316629323902836736
1316626823971733505
1316626763318005760
1316620006218760192
1316616846045519872
1316615458192322562
1316612361743204353
1316609762419646464
1316609265063399424
1316608331142881280
1316608087890026496
1316493108608151556
1316489930797920257
1316488929701433353
1316486204121063428
1316475090444455939
1316459006177796097
1316456583929397250
1316447208133230598
1316433713136365592
1316422866179686400
1316378261962788865
1316369592252534786
1316365668833472512
1316363797532205056
1316363424792801282
1316330149760110592
1316319600758476801
1316294561187139590
1316292534973407232
1316290484168527874
1316286079717322752
1316269077548142593
1316248713644437505
1316242052154298368
1316172994704814081
1316170092540026885
1316151748940238848
1316136373796077569
1316114765534629888
1316109891879264256
1316098691221127170
1316076854349094912
1316050251959197697
1316030097518817280
1316029763547467776
1316027664289812483
1316027589895413768
1316027448564170756
1316027315684429829
1316026328680857600
1316023634377338893
1316023013519761408
1316014534105034752
1316003864550748160
1316000839245467648
1315995546302152705
1315992759459815424
1315992605445021697
1315991900680314882
1315987088190443520
1315986934733381636
1315985915949576198
1315984267948838912
1315978854150950912
1315977785140224000
1315977322827259904
1315976004385624064
1315975679746412544
1315974697650192384
1315974405877628931
1315974337464328192
1315974112980938752
1315973932923662337
1315973391908843521
1315972960403025922
1315972454335086592
1315971800354955264
1315971543839715329
1315970346953121792
1315969596961304576
1315969555085381632
1315969537951571968
1315969204647067648
1315968526142898176
1315968424439316480
1315967028734365697
1315966586042355712
1315966524939800582
1315966319129432065
1315965663056474115
1315964390366162946
1315964343096414213
1315963825074638848
1315962746974990336
1315962691563991040
1315961915571605505
1315961396551614465
1315959166163353603
1315957579567312897
1315957469982621696
1315955805901017088
1315955693376151552
1315955062359851010
1315953387758911489
1315952804498898945
1315952450663256064
1315952102871531520
1315951837799948295
1315951764865265664
1315951344675627013
1315951156154294272
1315951148700971008
1315950751076753408
1315950624677212161
1315949919887413249
1315948680265031687
1315948487939428352
1315947283955974144
1315946862785040384
1315946702654918656
1315945250024755200
1315945224141762562
1315942766438944773
1315940333411282947
1315938894253371392
1315938856827584512
1315938133192695808
1315938067396648960
1315937951960965120
1315937922214965248
1315937346655784960
1315937308839940096
1315937221220892673
1315937035815919616
1315936926113902593
1315936788343656450
1315936779539812352
1315936769519636480
1315936665370796033
1315936568767647744
1315936522143772672
1315936326290735104
1315936232191537152
1315909622541230082
1315715538971172864
1315707419134230529
1315689032509251585
1315601492087369728
1315593224497569793
1315590770980683776
1315586676719222784
1315586590870245379
1315567652761411584
1315402230279876615
1315370989790924800
1315336612876824578
1315208805739880450
1315171777551773696
1315157729409994752
1315011416441720833
1314951274912272386
1314785872215257088
1314767872212828161
1314568137778626561
1314556959132131338
1314519108428484608
1314461202119110656
1314460808068423685
1314396743849652224
1314378875514871808
1314335616662990855
1314288606996058112
1314285822372446208
1314260492240683009
1314257047798640641
1314246677218447364
1314227362238787590
1314212959216824321
1314200446911705090
1314193555632590848
1314190568071798794
1314187547858415617
1314174892967895040
1314173165522874368
1314171618135101440
1314164789292216321
1314162302392958977
1314155647907360770
1314155646993018883
1314155535915200512
1314155426070622208
1314153314016202752
1314153214758060034
1314149683758010368
1314145056748601344
1314141354667192321
1314139332656144384
1314135304329220097
1314135059599896583
1314118802439917574
1314117688105537537
1314117658254729221
1314114824247410689
1314112705289170944
1314112520135872512
1314112490708570112
1314112282826346497
1314110963629645825
1314107092261916672
1314106548793344000
1314106039776743425
1314100082967482369
1314097940806467584
1314093962047770624
1314092672425046016
1314090891020296192
1314090000481480705
1314088069616881664
1314087632138366976
1314085681241653248
1314081221509623809
1314080302319497216
1314075762241273858
1314074252992229376
1314073311098425345
1314071467244621825
1314071085797830656
1314070643290394625
1314069329168793601
1314068374108934144
1314067567967965184
1314065636142833664
1314065548905517058
1314064355361730560
1314063599242031106
1314051078300803073
1314044760877920257
1314043479241224192
1314038255562620929
1314030149663420416
1314029370672119809
1314028955259809794
1314022999482396672
1314021269633994752
1314011636215275521
1314008019680858112
1313991981723508736
1313973793874993154
1313973226637230081
1313973120756338688
1313971067141214208
1313969722682159104
1313963333465366528
1313960765200556032
1313955097358086144
1313953343136509960
1313953007185395712
1313952801815433216
1313952203024015361
1313951786512912387
1313950974214574084
1313950930807787521
1313947964042338309
1313947877954248707
1313946484686155778
1313946215768371201
1313932105538174977
1313929255483514880
1313929100055269378
1313925616983474177
1313913908709777409
1313902462575751169
1313900529223954432
1313897793757630468
1313892015856390144
1313886073114824708
1313863980482519040
1313857255843000323
1313854236229337089
1313851935003422721
1313843561339801600
1313838940483448832
1313837566865666050
1313837103013396486
1313830064098816002
1313824324697104389
1313824215246737409
1313821124736802816
1313819054147358727
1313805592352509953
1313799721937514496
1313798589097877504
1313797231334621184
1313788409945690112
1313787669332320265
1313786795193184257
1313786173895192577
1313780950904516610
1313780450352136194
1313778990864363520
1313778608897490944
1313778029932539904
1313777582605692929
1313773849180340225
1313767512459313152
1313765113095237632
1313765111472021505
1313765109295185923
1313764036027260928
1313762457299685377
1313760343022284801
1313759316046995457
1313759122249187329
1313757291980763139
1313753386211250176
1313752733229473792
1313752687452839937
1313752424751001607
1313752424339910659
1313751897338245127
1313751266212937728
1313751150169030657
1313746595909861378
1313745840788443137
1313745418073841666
1313744692329226240
1313743116315262977
1313742390339960833
1313741391055519745
1313740547660615680
1313740533014163456
1313740009476890624
1313739655133659136
1313739475009363969
1313739312987504640
1313737566445862912
1313736765652504576
1313736733645844480
1313736478720249857
1313736460319809538
1313736286864314369
1313735916620599297
1313735460649304064
1313735119333740545
1313730759606382594
1313730556585271296
1313728746986274817
1313726167430594561
1313725382676361216
1313724497615298560
1313724253183770630
1313724215628095488
1313721821292883970
1313721750656614401
1313719498424430592
1313718909233696768
1313715961665650691
1313713212253261829
1313712287979638791
1313709743287001093
1313709547836637184
1313707779337736193
1313700721276182528
1313698637822787586
1313697946924388352
1313695664233213952
1313695304760389633
1313694332843589632
1313691782245429248
1313691347669442561
1313691061949272065
1313690534272266242
1313689219861274625
1313686949098651650
1313684676171661312
1313683828884623360
1313683396791599105
1313682706048389121
1313681993125724162
1313680372010549261
1313679966551277571
1313678784122548226
1313677819642359808
1313677661621956609
1313677611751690240
1313675359511031808
1313674173173071878
1313673530635161601
1313670318507073538
1313669151735586817
1313666569889869824
1313665867608207361
1313665727673622530
1313665298852126720
1313665257546620932
1313664340902457344
1313660315628982272
1313625082514804737
1313624346921963520
1313623859728388097
1313613479186759682
1313609640870019072
1313609349521121282
1313606815385620482
1313585942020730881
1313585609445965825
1313584699919523844
1313583432014925826
1313583059556593670
1313582255923703808
1313581414932262914
1313580438091431938
1313579888335560705
1313576828842512385
1313573503791226880
1313569759636664322
1313567014590521350
1313565777820372992
1313562745489457153
1313560330077962240
1313557129228410887
1313556123639713797
1313554624045932545
1313554540025835521
1313554472593960960
1313554147438989313
1313553605501349889
1313553568453062657
1313553473028460548
1313551869420212225
1313548340815187971
1313548146446929920
1313547402016628737
1313546911719264256
1313545827336552449
1313545541553401864
1313544020027740160
1313543547254190080
1313543330991570944
1313542844490096642
1313541037231673345
1313537186822868994
1313536712090570752
1313536667463094272
1313535096524337158
1313534136691421185
1313527812649816066
1313527776302039041
1313527378673635330
1313524524328026119
1313524313736314881
1313523789863571458
1313523346127159297
1313523133492744192
1313523067906334721
1313523014005411842
1313522924725456899
1313521520094965762
1313521001662119936
1313520117330972674
1313519685883891715
1313519236309037058
1313519225592479751
1313518135379722241
1313516780141400064
1313516458375360512
1313515656227192832
1313515147235921921
1313514887189016579
1313514819128119303
1313514311080386561
1313514281598627841
1313513732463628289
1313512968366313472
1313512358912950272
1313512140846895104
1313511949469179905
1313511827469369345
1313511723094212608
1313511222868926470
1313510786967445504
1313509947376885761
1313509803268939776
1313509768431112194
1313508933110247427
1313508859496071176
1313508473532022785
1313507954746949637
1313506478561669120
1313506273695084544
1313505701461995520
1313505535606521860
1313504059530399744
1313503608269410305
1313503504825188353
1313503348075761671
1313502732716826629
1313502324925530118
1313500816758788096
1313499768119685120
1313499251498942465
1313498714799996930
1313497397818019840
1313497373784641537
1313496909491961857
1313496659477884929
1313496336113729538
1313496323790905344
1313495234257580033
1313494813854117896
1313494681578360834
1313494060397723651
1313493361496555522
1313492436887506948
1313492244889038848
1313491996665933825
1313491881402212360
1313491013512691719
1313490584586334210
1313490469326909441
1313490327823679490
1313490193480114182
1313489941360410628
1313489472466685954
1313489420927012866
1313489202747781124
1313489076339830784
1313488945070694408
1313488767274098689
1313488176745455616
1313487977478266880
1313486956429443076
1313486737226821638
1313486478593458182
1313486198522941440
1313486079752839175
1313486056264732672
1313486053995696131
1313485936353849347
1313485411855994880
1313484454728527874
1313480670908428288
1313480605041033220
1313480537059848193
1313479532666650626
1313478557599969282
1313477370163191808
1313477107503300608
1313476469830692869
1313476291513987083
1313476256734883841
1313476157707292673
1313475739552034821
1313475545234108416
1313474695862386688
1313474683161980930
1313474087705022465
1313474013855973382
1313473844502564864
1313472822212268040
1313472632562614280
1313472325220741120
1313472101886636033
1313471936849158144
1313471570791333890
1313470010694737921
1313467848916955136
1313467794437087232
1313466944121602051
1313466495058444289
1313465662921154560
1313465287296118784
1313464177474838528
1313463421313183744
1313462933855272961
1313462770508193792
1313462733963132931
1313461932804976640
1313461751728476160
1313461689933848577
1313461601698279426
1313461019214319616
1313460966756057088
1313460618972794885
1313460588148862977
1313460295642353671
1313460172619157504
1313459768816807938
1313459442780905473
1313458460781170688
1313456782098997255
1313456486371201025
1313456463243816961
1313456398198505473
1313456347397189634
1313456190148444160
1313456086637314052
1313455689864445952
1313455390433193997
1313455298397573120
1313454943685275648
1313454927545602048
1313454856632438786
1313454702550450177
1313454372672675841
1313454153902034945
1313453416459493376
1313453116851998720
1313452981933793280
1313452805521313797
1313452800316190721
1313452712978247680
1313451294661709824
1313450371851968512
1313450361772941314
1313449647055273984
1313448831300890629
1313448311035252737
1313448046139707393
1313448027500294144
1313447353484009473
1313447093927849985
1313447004010315777
1313446806135672832
1313446223685324802
1313444763878776832
1313443002245881857
1313442434693636097
1313442221648220162
1313441880785539072
1313441737277353984
1313441007736967168
1313440546946453504
1313440405111832576
1313439948054421504
1313439869096656896
1313439844589350913
1313439339200815104
1313439245563035648
1313439233785376768
1313439130043535360
1313438851659112448
1313438654086500358
1313438538785001474
1313438522427297794
1313438513728233472
1313438499975069696
1313438438243344384
1313438321494962177
1313437889657819136
1313437736385220608
1313437680634560513
1313437596782129153
1313437398941028353
1313437253641830401
1313437251779661824
1313437189439619072
1313437125522739202
1313437005523681280
1313436765487796227
1313436684516818950
1313436463250452482
1313436338721562630
1313435964551856129
1313435877209669634
1313435691553095682
1313435593439838216
1313435535353020416
1313434821818015746
1313434294019411971
1313433943383965696
1313433748038463489
1313432190072561665
1313431726425767936
1313431136505389056
1313430614981382144
1313430332658659330
1313430238647537664
1313429430056833025
1313429427611594754
1313429302843637760
1313429224745820160
1313429219310002176
1313429213207199744
1313428845807140869
1313428727754371073
1313426495541477380
1313425325636886528
1313425089745096704
1313424339165995008
1313418199166312448
1313417863114489857
1313413925434777600
1313406790764236801
1313406622866329600
1313140548572774400
1313129952544468996
1312846449781231616
1312844118083731463
1312843429626499073
1312688410918780930
1312655412555132929
1312620658443145216
1312315442535501825
1312274063763673093
1312269343405813761
1312266683789185024
1312242077661618176
1312017959750119424
1311780004691415043
1311779849502175233
1311772173153992704
1311769412983230464
1311760437520805900
1311753825993347072
1311752726385221633
1311751158172725248
1311749428856926211
1311745441311195137
1311744865684856833
1311744776035872768
1311743930275434496
1311743001509548034
1311742914314285056
1311739429132726272
1311738014230552576
1311737678979833856
1311736415126945794
1311735278948802561
1311734348060798977
1311734283715964928
1311734280465326082
1311733961006161922
1311733946347065344
1311733792642662400
1311733751634890754
1311733720127242241
1311733633841942529
1311733618130268160
1311729313373450241
1311716988616671234
1311688910213459973
1311684162215084037
1311681929499025408
1311676030088818689
1311674137119731715
1311671023864033281
1311666673250832385
1311666194391293952
1311662791502118915
1311662582810378243
1311661355292790787
1311660391714390016
1311657115652624386
1311645306971279360
1311644650671878145
1311641844128731137
1311641471775371264
1311641279344803841
1311640697498468355
1311640458284748804
1311640227774169089
1311638027068940289
1311554393809080320
1311545131573665797
1311530770310324229
1311480440923004929
1311471344903745536
1311470989629415424
