1300576985937256448
1300535633530761222
1300529068157407240
1300518958051790855
1300486435041144834
1300480858860720128
1300473380446121985
1300467824226447361
1300462969357246476
1300455882464124929
1300455854026747907
1300453485985570816
1300442949881339907
1300441973397037056
1300441969089482752
1300419544742268928
1300415777636581377
1300412585376972801
1300404965719105536
1300402884459233281
1300377650561724417
1300376491587502081
1300375394122694656
1300374039173750784
1300366584901443584
1300364511740858374
1300360418599284736
1300359878305865728
1300358047341182976
1300355797441015813
1300355527399149568
1300353121496031232
1300348093532119041
1300343300478701568
1300337215067877376
1300336562677440512
1300335682653745152
1300335659870285824
1300335530023047170
1300335515066081280
1300318106905182209
1300309536461533184
1300306307648557056
1300303995819438082
1300301759211081731
1300285058792787971
1300257546784178176
1300204231878639617
1300201954094784513
1300198565617307648
1300187268683116549
1300180494747918336
1300173652156178435
1300171255170072576
1300169878121451520
1300169134274236425
1300165802029707267
1300165625818558466
1300165567912062977
1300162162321743873
1300161565761703937
1300160999996231682
1300160939921207296
1300160736971419649
1300159081932558337
1300158845864611842
1300158429655429122
1300157708457463809
1300157519428550658
1300157404210966533
1300154376061886465
1300151777560494080
1300151116047450121
1300149079729754113
1300148902126129152
1300148887030829056
1300147283707789313
1300142929646964744
1300142587668504576
1300142549181620230
1300141215342563329
1300140538834935809
1300140300657139714
1300139748271546376
1300139676574142469
1300135250799063040
1300133380349140992
1300133224337805312
1300130967139553282
1300128613099016194
1300128375403618309
1300128155588591617
1300126883816800256
1300126419301871616
1300124972451598338
1300124870504714241
1300124344983736325
1300123983921262595
1300123832091660295
1300123180980408329
1300122163660423169
1300120425507233795
1300119510977048576
1300118963913973761
1300118466582786053
1300118452884168706
1300118283170000896
1300117356685987843
1300116222714023937
1300112652920815617
1300112564903464971
1300112369780219905
1300112230533529600
1300111993479868416
1300111548879437825
1300111246260408322
1300111173589905414
1300110981108989955
1300110537662115840
1300110027034955776
1300109251403276294
1300109063385161728
1300108650757980160
1300108082685640707
1300107494199570433
1300107237625602049
1300106984453296137
1300106173719416833
1300106104723197956
1300105657845194759
1300105286435434499
1300105107397390344
1300104967257231360
1300104721445851138
1300104359393533954
1300104345921388546
1300103525540786178
1300103474475081728
1300103374050938882
1300102985050206208
1300102659836456961
1300102440553984003
1300101944623628289
1300101844652486657
1300101844048449536
1300101207097307137
1300100787322880000
1300100652836810753
1300100561040277504
1300099748440035330
1300099543778947078
1300099528410963968
1300099446626189313
1300082272822005761
1300079477855264768
1300074205468413957
1300056263435444224
1300053794059964417
1300006423527600129
1300005453284343809
1299972651264487425
1299953578686263296
1299952647127080960
1299873765191450624
1299844088049606657
1299838321858928640
1299838020665962496
1299835282129330176
1299834435412656138
1299828427961368577
1299827104683622405
1299817104548548608
1299817103499894784
1299816606038622210
1299808564295458817
1299789691223408642
1299785365532876803
1299769594765344775
1299760216997847047
1299755125377044481
1299748122030231552
1299742553034625024
1299741999067783170
1299739860903825413
1299733179901894656
1299730405856247810
1299729346073108482
1299728885827895301
1299722878015987712
1299716421740564480
1299714475063472128
1299714424287223809
1299711069393424385
1299710726001643522
1299710619009024000
1299710486242643971
1299710209586343937
1299703350259331074
1299691485655334912
1299686990842036225
1299677055261569034
1299671017602854912
1299669841721188352
1299668160703090691
1299666088670756864
1299664830647984131
1299660853244030976
1299652769125728256
1299652410302922752
1299652123865608194
1299651495118413824
1299650079045885957
1299645653899935745
1299644429737897984
1299643931211202560
1299639640975118337
1299637635963588608
1299634884349222917
1299634195170562048
1299632889039073280
1299632527058046976
1299626650729091073
1299626552959873024
1299625161516298241
1299624836818444289
1299624203512090624
1299623869058293766
1299622398841491456
1299620978822197248
1299620777415897089
1299619874432483329
1299619220846714881
1299614923631276033
1299613381989728256
1299612504180617216
1299611996275355649
1299611581332979712
1299608149452886016
1299607082061172736
1299606977258061824
1299606602379653120
1299606079882563584
1299605379521839104
1299604494859350016
1299601386963955712
1299595987657330689
1299595578146516993
1299595320951820288
1299595189632237568
1299595151313178624
1299594158554910720
1299594128167182337
1299593273972002818
1299590171864829953
1299589091663720448
1299588518570864642
1299586880019849216
1299585736107274240
1299581155465981953
1299578756554780675
1299577977731190786
1299574639493083136
1299574557733523457
1299570942784479232
1299570542291415040
1299569969441669120
1299539518786334721
1299537951177740291
1299532737200627715
1299517202790526977
1299488109923627008
1299480881451732992
1299473522125950977
1299469970439577604
1299465036231061504
1299464226285793280
1299458090983718915
1299456752962994178
1299456733249777664
1299456291069403136
1299453867642556419
1299453436166053892
1299452984997416965
1299450301716606977
1299450006374674434
1299449619496267781
1299449358224588801
1299449234605965313
1299449013524103173
1299448786662633472
1299448466603683842
1299448418075652096
1299448113833402369
1299448005481893890
1299447774736515072
1299446641251028992
1299446409431781377
1299446289801805832
1299445333047627776
1299445005896032260
1299444683463184385
1299444118284886016
1299444112492462087
1299443341688483840
1299443316103282688
1299442337777582085
1299442127080833024
1299437577880195073
1299435678644699139
1299434342712827906
1299432669017710594
1299430049070882817
1299426267742306307
1299424895403806720
1299421128264421376
1299420591859134465
1299420143186051084
1299416667626315776
1299416178633342979
1299416088384602112
1299415259430744070
1299415199716274176
1299414092885692419
1299405478653579265
1299401860684623877
1299401623123394562
1299401205546917888
1299400621636812801
1299389323662557185
1299378858127433729
1299377148499824645
1299356578366324739
1299356559034724352
1299345381063565320
1299310218480963584
1299309775482572800
1299304661195911168
1299294655788527616
1299292878716522496
1299284378560991233
1299284056945954817
1299283654045241344
1299278079278362630
1299277710091575299
1299277330255425537
1299276676908691456
1299266217266552832
1299264123918843905
1299263296718155778
1299263089377005570
1299263070909456386
1299262024199876609
1299260344007786496
1299256892527652864
1299255899018735616
1299250670961389568
1299246790924021760
1299246291726278656
1299246169118453766
1299246122830049280
1299245915094560768
1299244921623384064
1299244552298156032
1299244393598193669
1299244247485427712
1299244061229015042
1299243621502263297
1299241496219131904
1299240430836514816
1299239158741905408
1299237153474580480
1299229856987783168
1299229729912950784
1299222137388118017
1299222027048493056
1299219982958637056
1299218306528931840
1299213256087736321
1299204104317698048
1299204030481281030
1299199002857046016
1299184355739201536
1299182358151802881
1299179838478135305
1299160416388616196
1299150766985355265
1299141804315619329
1299130629649555459
1299130270864547840
1299124851614142467
1299123004463616000
1299122466451861505
1299121051817914369
1299120568093020161
1299120455383736326
1299119954600644614
1299119891266572289
1299119557743968256
1299084362793787393
1299081869720465409
1299075896108822529
1299074121406517249
1299058749580206080
1299043755367034885
1299024878675341313
1299022029220347905
1299021131341594625
1299017551108878338
1298977158618996744
1298964005642530818
1298957097942614017
1298938903072845825
1298930874478669824
1298930206669971456
1298929694872670209
1298921545847508992
1298916884889456640
1298901140625555456
1298880245190340608
1298876201885466624
1298868274487332864
1298866584681938944
1298857328050155520
1298849640817799168
1298832248750436352
1298824954360795137
1298800126786506753
1298799107843162123
1298797298462470144
1298796941762064385
1298788069106233345
1298776621902696454
1298776534719881216
1298776490549620737
1298771232427569152
1298766534299574272
1298764979647197184
1298741656431329280
1298683640243724290
1298678058275176450
1298647782132244480
1298588435830263815
1298582018134073345
1298580531119087616
1298568181586579458
1298559351548936193
1298537109913993216
1298529379342069760
1298508920709881856
1298482717965856769
1298412109424992257
1298411581211136000
1298410571168088064
1298401766745214979
1298390526438277120
1298389907170299914
1298383894895628288
1298376203418689552
1298375350595059713
1298369195567087617
1298366941334306821
1298365200089964545
1298361794369589248
1298361225617735688
1298360836524826627
1298360517485121536
1298359163295277059
1298358278532018176
1298354927203385344
1298353816111284224
1298353390003642370
1298353197132718081
1298348218305085443
1298346531838361601
1298346419208814593
1298345839098814470
1298345808300052482
1298340489998020609
1298340127656366081
1298339821262458884
1298339680862253060
1298339404939960321
1298338630965002240
1298337082000146433
1298336233966403592
1298333402085687298
1298333243058642946
1298330446640697346
1298326467441459215
1298319665194770432
1298319289762578434
1298314658072403969
1298312530931195908
1298305390459920384
1298304652644175874
1298304373886525443
1298304202867965952
1298303607553564672
1298303532458741761
1298303521578606593
1298301351231881223
1298300846367748096
1298300282452029443
1298298187720134657
1298296538641375235
1298294475807236096
1298291899078500352
1298291717456756739
1298291458320011265
1298288446503608320
1298287955363147781
1298286571528093697
1298286527957655553
1298285133385142273
1298282889742819328
1298281525474197504
1298279662313865216
1298274716390629377
1298273631739371520
1298272613832069123
1298271664518492160
1298269491156008960
1298268092309544962
1298263801087713281
1298261963022020610
1298260583536443394
1298259592573358087
1298255034086383616
1298254791835967488
1298252919016271874
1298251354528514049
1298251340238319618
1298247290885476352
1298246839964176384
1298245029073432577
1298244522195980289
1298243683888791555
1298243081570000897
1298242875474546689
1298242069056622599
1298240814439706624
1298239896587558913
1298236978404745216
1298236959479996416
1298236467597193218
1298236276920012801
1298235258962415618
1298235045380063232
1298234908314402819
1298234027250462720
1298233268794470400
1298232089792454661
1298231794517585920
1298231587713298432
1298231489998577664
1298231246838005762
1298231218891370496
1298231145159630848
1298230977924411393
1298230402713366530
1298230163449229313
1298228884211720192
1298228842339995653
1298226910774861824
1298225113549221889
1298224269873295362
1298222230288183296
1298222038054838272
1298221984699035649
1298221690237919232
1298221389615439873
1298221215329464320
1298221163638923266
1298220976900120576
1298220370164699137
1298220339105865728
1298220166082367490
1298220066845204480
1298219861227732993
1298219734199132163
1298219417000710145
1298218969741107202
1298218912186880000
1298218805550821376
1298218724512673794
1298218639791919104
1298218521869115393
1298218328041938945
1298218286488813569
1298218224413216771
1298218099934736386
1298218088823955456
1298217878684962818
1298217383098822661
1298188072421601281
1298165022426836993
1298130889726201861
1298076653399285763
1298042470014627840
1298009041629851650
1297998179263291394
1297984334138413057
1297971709379670016
1297945616526581761
1297945543767883779
1297944046091018240
1297942353227984896
1297930535776464897
1297923167411937281
1297916505338847234
1297909640244666369
1297901096908750850
1297889836272095234
1297887535817994240
1297885678278258690
1297885520777940995
1297884647536435201
1297883653377265664
1297870677580578816
1297863779443707906
1297862176963796995
1297861307098693632
1297857034805817344
1297856011001266177
1297848069145468930
1297837788168159235
1297831655206457344
1297826781064560642
1297824165676949506
1297823860390232065
1297819327316533248
1297819102204039173
1297802374162132993
1297801544340058116
1297793385361813504
1297793320475918336
1297786575187738624
1297783263596023808
1297781468719177729
1297778927553912832
1297775349665857536
1297772348708458496
1297756254627155974
1297756055624196098
1297755765458042880
1297747973489795073
1297746147927351297
1297746052553027584
1297745136621936641
1297707168939028486
1297702443657158659
1297697536438947840
1297695311834611712
1297693760151859204
1297692908666093570
1297691608134176769
1297688350074298368
1297682531953803267
1297682448629800965
1297670206253338625
1297668328568299521
1297666954933796864
1297666919105990656
1297664426640846851
1297664253860753410
1297663713051389953
1297662898358169602
1297661563550208001
1297660725993799682
1297660449807388674
1297657865700888576
1297655728891715585
1297655553116835841
1297653564093997059
1297653500546080769
1297653039285907457
1297651736975376384
1297651513305845761
1297648460360015872
1297646778838396929
1297645699916541953
1297644862188265473
1297643559911329792
1297641105849294849
1297639502442377216
1297634374188503042
1297632898137436160
1297632571967373315
1297632310880284673
1297632207574532097
1297630923580682240
1297630902110085120
1297630452115742720
1297628991747239936
1297628789334323209
1297628174340296704
1297627168864784384
1297626483683467271
1297625865518551042
1297624407947583489
1297623848393867267
1297623075693813765
1297622674982699012
1297622187034185728
1297621517308694532
1297620594922528768
1297619763078877189
1297619364896632832
1297619317060771841
1297618831045726215
1297618805938688000
1297618797327724544
1297618790218440709
1297618687160090630
1297618636643938305
1297618542737723393
1297618503500009475
1297618262977654787
1297618248821866502
1297618188054790144
1297618151438536705
1297618013085224960
1297617960366936071
1297617710847873024
1297617586994192385
1297617496900542465
1297617291249618956
1297617235629015041
1297617079697375238
1297616960902041604
1297616867234807809
1297616838491340801
1297616744660566016
1297616651182055426
1297616556420145156
1297615131740962823
1297613089140101120
1297612169866088448
1297611984360349697
1297610235922845701
1297609523981701123
1297605773737033728
1297604095860191235
1297604026524213248
1297602235262808064
1297600015154782209
1297598402520285190
1297597309979631616
1297597057373540354
1297596824954470409
1297595923690921986
1297594675528859650
1297591651100221442
1297588450460422144
1297584902179901448
1297584738832613378
1297584458648948736
1297584359466323968
1297584029181640705
1297583014290100227
1297581979773423622
1297580585540517889
1297579120168181761
1297578422496092161
1297577805606268933
1297577165588963329
1297576836306788353
1297575680532779010
1297573165548306433
1297572682108735488
1297572523127660544
1297572456979406849
1297571992678420480
1297571869961453569
1297571611953037312
1297571396248309763
1297571046619586560
1297571029850742787
1297569310588706817
1297568491504107520
1297568366010552323
1297568320619773952
1297568072564453376
1297567903068413955
1297567766594158593
1297567576109850625
1297565850757746691
1297564987611906050
1297561363582193664
1297561209085071360
1297560444400553992
1297555941588717569
1297553278587285511
1297552739837325312
1297549512559534106
1297546714782498817
1297545013530890248
1297543482119278593
1297543387336323073
1297542636182671360
1297537970837303296
1297536725837852673
1297534808088875009
1297534649384787968
1297532718016864256
1297530519786344449
1297530316165459968
1297529924807524353
1297528483304923138
1297527835075190784
1297526651983724544
1297525997663850497
1297525991921856512
1297524144381329408
1297523946326306817
1297520328973914115
1297519818241970177
1297519720481132550
1297519311083524096
1297518377980878848
1297518164738179072
1297518008060055554
1297516360952688640
1297514519258968065
1297513857922072577
1297513005605888000
1297512097253855232
1297511773004849152
1297511249505386496
1297511195025580039
1297509257231958017
1297509173874352128
1297509053405564928
1297508901341011970
1297508571555471360
1297508373198446592
1297508243267375104
1297507776063774720
1297506066926833666
1297504405990846465
1297503955380035584
1297503481931206661
1297500666554912773
1297499335857524737
1297499047176151040
1297498590995197952
1297498475634941952
1297498066128441347
1297497794077433857
1297497726356197377
1297497004952694785
1297496928620617728
1297496504312180738
1297496401660784640
1297496302893359104
1297495925087244288
1297495736393793536
1297495679523328001
1297494755849404416
1297494473484767232
1297494154256232448
1297493264606597121
1297490522861379584
1297490272851505152
1297489654292381696
1297489636638502913
1297488783156404226
1297487763672113152
1297487741308084224
1297487669711249414
1297487538417012736
1297486124659683329
1297485324336201728
1297485226852200448
1297483038864146432
1297482771984785408
1297481206418694144
1297480681824583681
1297480521484840962
1297480435715452928
1297479079445303296
1297477987257012225
1297477014241390593
1297476372512886784
1297475798044225536
1297474811745181696
1297474119043342336
1297470875759980545
1297470844512468992
1297470600106082314
1297469970067132416
1297468814037311489
1297468673331011588
1297468412906569729
1297468366152704001
1297467573194371072
1297467407938838529
1297467195828719617
1297466926558584832
1297464641077960704
1297463847889117186
1297463265124065280
1297462152165498880
1297461073382125568
1297461046144315392
1297459898415022083
1297458829987393536
1297458426096816128
1297458306022334464
1297458185926840320
1297458155924881408
1297457862470438912
1297457360227766273
1297457171534422016
1297456716414582785
1297456199156355076
1297456113454067712
1297455070238445570
1297454781959507968
1297454500786012161
1297454200545214464
1297453235331104768
1297453173066682369
1297452917436424194
1297450627740639232
1297450390036807684
1297449711729872896
1297449511640535041
1297449262503034881
1297448943408877568
1297448005185003520
1297446951177392128
1297446631676182529
1297446458808041473
1297444763063455747
1297444728603136000
1297444640711376896
1297443620325396480
1297443114882404353
1297442926524604416
1297442700103430144
1297441557793177600
1297441012885970945
1297440993168560128
1297440732173578240
1297440208552484867
1297439857036464129
1297439081425711104
1297439025746370561
1297438005821607936
1297437700124008449
1297437414932316160
1297437289807851520
1297436971745390592
1297436654148386817
1297436555108384768
1297436283946573825
1297436178736656384
1297436109094498305
1297433894254309378
1297433618453794817
1297433549155467265
1297432464961474560
1297432085578297344
1297431710183948289
1297431589601894400
1297431401231507456
1297431399570509829
1297430860455698432
1297430522059206656
1297429524695650304
1297428244086611970
1297428131570221056
1297428070455029761
1297427628069199872
1297427443163320325
1297427398204567552
1297427385487364096
1297426838831194112
1297426695956443136
1297426577622478851
1297426509528006660
1297426492125831170
1297426405978968064
1297425888116695040
1297425563452407808
1297425461115604993
1297425407919165441
1297424821781966849
1297424227352612864
1297423699793137665
1297422430043025408
1297422302439714817
1297421725689356294
1297421639647465472
1297421527298834438
1297420776161910787
1297419873308610565
1297419711190306816
1297418448457342977
1297418166453362689
1297418130688532480
1297417544559730688
1297416654499000320
1297416451125661696
1297415484648955904
1297415386112102401
1297415363244761089
1297415082067005440
1297414438027485184
1297414392410263553
1297413812941971456
1297413782021513216
1297412583947894784
1297412549072375808
1297412449847709697
1297411339539881984
1297410625803558914
1297410456781574145
1297410288673853440
1297410228514893824
1297409604024971264
1297409523188211713
1297409387175333889
1297409115841601536
1297406977149214720
1297405434660368384
1297404442631962624
1297402674183385089
1297402497041129472
1297402490875514890
1297401907758202880
1297401701469749251
1297400930477002752
1297400822628843520
1297400619175739392
1297399440937017349
1297399301870624768
1297399295361024000
1297399052997464064
1297397914688540677
1297397687499849730
1297397549146439680
1297397034597650433
1297395876390895622
1297395874419675136
1297395861446627334
1297395215423221760
1297393944838504448
1297393756820430848
1297393586590425094
1297393176370728962
1297393147723554818
1297393009080795136
1297392884874969088
1297392085943943168
1297391476012470272
1297388814823043073
1297388091087495171
1297387126204620800
1297386288962732033
1297385828851884032
1297383600925671425
1297382664794669059
1297382380844572672
1297381489424977921
1297374590906388480
1297374488120692736
1297373355818049536
1297369212839755777
1297368740993146886
1297367960693006336
1297365732259516416
1297364341180825601
1297362188634554369
1297360807064481792
1297354706461904898
1297354235772907520
1297352936046104576
1297350826990673922
1297342524567191555
1297342502974959616
1297333298272833537
1297332888640409601
1297331338811527170
1297327237067354112
1297324044950405121
1297323713155731458
1297321011399057408
1297319939192299521
1297319878840520705
1297319515353620480
1297319435666100226
1297319265243205632
1297315574297571331
1297315405934014465
1297314470604296192
1297314449158746126
1297313964817252354
1297313900241854469
1297313896974495746
1297312904992239618
1297311601813577728
1297311073838731264
1297310341706260487
1297310330876502016
1297309330958680067
1297307133126598656
1297307019234414598
1297306902808928261
1297305896096235531
1297305732505915394
1297304524634361856
1297304116201480198
1297303654018568199
1297303042937757698
1297302722773954561
1297302175429857280
1297302000707788800
1297301984865914885
1297301011535663104
1297300664104648715
1297300283446484995
1297299864787791877
1297299540660428802
1297298927503507456
1297298653808414722
1297298588716998656
1297297824439324673
1297297648949526530
1297297115606130689
1297296804871053312
1297296671005708290
1297296251977977858
1297296180624470016
1297296094376996874
1297296029398818816
1297295770341773313
1297295767216979968
1297295560404357120
1297295503466561540
1297295312214798337
1297295055196127233
1297294594216988672
1297294561392435205
1297294381712650240
1297294312955416577
1297294307729313792
1297293827225649154
1297293369820041217
1297292866415468544
1297291995061387266
1297291391597412353
1297291349780299776
1297291306889248769
1297290991087620096
1297290464882819078
1297290313883680772
1297290305448943624
1297289522082918402
1297289428415782913
1297288562702942208
1297287505037975554
1297287463615029248
1297287306286637058
1297286997359374336
1297286990648483841
1297286933912129537
1297286731268587527
1297286627799306240
1297286178924834817
1297285988486709250
1297285913022693376
1297285850322132993
1297284665968033799
1297284558455549957
1297284533583335424
1297284174320197638
1297284156876034048
1297283942199033858
1297283554041384962
1297283320020008960
1297283142408118281
1297283107662508034
1297282953274327042
1297282747510161410
1297282469855735808
1297282377685831686
1297282210383441920
1297282194893869058
1297282074349580294
1297281097580060673
1297281018714558464
1297280946669080576
1297280777495949318
1297280551372632067
1297279604726681602
1297279594349899776
1297279544928481281
1297279391014236161
1297278992232394752
1297278953632206855
1297278858463453184
1297278664208416774
1297278409790365697
1297278124992888833
1297278064699867138
1297277967182245939
1297277674193379329
1297277652504662016
1297277327978659841
1297276473569681408
1297276233529556996
1297275822009712640
1297275817773408256
1297275733660839942
1297275645790224385
1297275406760976384
1297275276322377730
1297275247079686145
1297275194051039238
1297275102376206337
1297275075461287939
1297275020889206787
1297275013364625408
1297274560350429193
1297274540532338689
1297274272851927040
1297274132149800960
1297274005943189505
1297273985982504961
1297273851777355777
1297273741785931779
1297273603457785857
1297273536474685440
1297273449493209088
1297273446683095041
1297273334951022593
1297273162284048384
1297273052846325760
1297273016502689798
1297272533679562756
1297272473717702665
1297272329396002816
1297272190518337539
1297271659842473985
1297271628338995200
1297271503373905920
1297271394024161286
1297271383110692867
1297271215275626498
1297271156035203072
1297271110191534081
1297271048342208512
1297270870575058951
1297270713381003269
1297270469272440834
1297270330105397248
1297270072411590657
1297270058381705220
1297270047312941057
1297269986596212736
1297269944258895875
1297269798787788803
1297269778713894913
1297269580268736517
1297269516293083137
1297269420046323713
1297269291486781445
1297269146741354496
1297269126537326595
1297269079930277888
1297269078961328128
1297268854557741056
1297268834219560961
1297268669895053314
1297268613997629440
1297268590685675520
1297268583874154496
1297268546377003013
1297268505595781126
1297268436150759425
1297268318424969216
1297268224195690496
1297268041923858439
1297267966321537032
1297267735018311686
1297267693884768256
1297267690730598401
1297267640872951815
1297267582978981889
1297267564209483776
1297267531124809728
1297267485914406912
1297267377088987137
1297267279353315336
1297267277562347520
1297267197421801478
1297267150034481153
1297267049098510336
1297266842164170754
1297266833708507142
1297266771909644288
1297266379347955716
1297266268798693378
1297266236913524738
1297266225001758721
1297266196883087363
1297266132651511808
1297266130680270849
1297265809086132231
1297265747266342914
1297265651237740551
1297265638654844929
1297265418017488896
1297265414481809408
1297265331698835458
1297265292071055362
1297265281786687489
1297265227189420032
1297265212488384515
1297265087821090816
1297265009236619267
1297264984926359552
1297264806706249728
1297264704453332995
1297264627601022976
1297264383526019074
1297264336721846273
1297264231256129536
1297264218526429184
1297264126180429833
1297263926938185728
1297263919900352513
1297263888896004097
1297263878389280768
1297263807908253697
1297263788874518529
1297263714652037121
1297263682209091584
1297263630841511936
1297263589238202368
1297263570565107713
1297263552626135040
1297263503682744321
1297263457759264768
1297263445927251968
1297263323973591040
1297263304109367297
1297263272773718016
1297263189634228231
1297263067642953728
1297263045358563328
1297263024097636352
1297262889112412161
1297262851950862341
1297262780114964480
1297262725815508993
1297262572866084868
1297262469665234945
1297262207554723843
1297262187111690242
1297262137262383104
1297262130857684994
1297262074914054145
1297262003430526977
1297261885608337413
1297261709078548480
1297261696772378624
1297261639679586304
1297261619026833412
1297261526529835008
1297261525300903936
1297261461648150530
1297261454694002688
1297261437715390471
1297261338029326336
1297261219070582786
1297261178176012295
1297261068910198784
1297261029626384384
1297260989017133058
1297260942049280000
1297260580219367424
1297260523726266368
1297260506173059072
1297260489802747904
1297260488078786561
1297260441798946817
1297260291219165184
1297260277038284801
1297260263528431620
1297260132263485447
1297260103872151554
1297260089586393092
1297259890319261697
1297259848128659456
1297259531332984832
1297259518754078720
1297259490555899905
1297258774621806594
1297258672926740480
1297258612440653830
1297258604018507776
1297258580480065542
1297258574628950016
1297258494471675905
1297258442219048960
1297258442021904392
1297258374069981185
1297258284127330305
1297258241945219075
1297257953884594178
1297257917176057863
1297257873840517120
1297257782563999749
1297257726616248322
1297257529949511687
1297257504741744648
1297257495149318145
1297257388546940930
1297257175673384963
1297257049194102789
1297257041199849472
1297256962762186754
1297256923809685504
1297256870558806017
1297256815873458176
1297256749137833988
1297256718687252482
1297256638076915723
1297256422485434373
1297256371365306369
1297256093089964032
1297256077713604609
1297255957517434887
1297255905608835072
1297255700285071361
1297255430629011456
1297254926507216896
1297254783934509056
1297254630271918081
1297254616770412545
1297254612823670785
1297254355456974851
1297253959707631616
1297253908730060801
1297253860743041026
1297253535390851076
1297253432554917890
1297253337138683905
1297253290783182848
1297253220767629314
1297253201331314689
1297253174290644993
1297253166128529408
1297253143231815682
1297253016580558850
1297252970464186369
1297252958539743239
1297252888427757573
1297252872808288259
1297252855326408706
1297252837966196738
1297252776012066820
1297252759734046720
1297252712485191682
1297252649323159555
1297252575817981952
1297252563893592065
1297252537360437248
1297252476010340352
1297252459837042693
1297252405860499457
1297252312046608384
1297252212427694082
1297252028108996610
1297251941882515457
1297251680426364928
1297251477203943425
1297251418005557249
1297251364838547456
1297251222957821952
1297251179081150466
1297251002882695168
1297250945408159744
1297250865108197381
1297250837643898880
1297250815787311104
1297250702000041987
1297250697726042112
1297250585004122113
1297250422873260038
1297250248423878657
1297250206199828482
1297250162428059650
1297250156929265669
1297250031096008705
1297249921280749568
1297249883410186240
1297249752405479425
1297249656968294400
1297249524507869184
1297249474734170113
1297249256756129792
1297249181485146112
1297249138627809280
1297249105958273025
1297249056134172672
1297249040644681728
1297249040485277696
1297249017534066689
1297249011842404353
1297248992997396483
1297248833882202114
1297248637840510976
1297248631616135168
1297248494571401226
1297248426657226758
1297248386425532416
1297248167684177928
1297248101833617411
1297247809599660033
1297247798572847104
1297247646596444160
1297247536974106624
1297247533266276355
1297247261810995201
1297247198116220930
1297247173655040002
1297247081137152000
1297247049428148226
1297246630278766592
1297246523428933632
1297246520295727106
1297246205362221058
1297246125381095425
1297246093852454912
1297245975346663424
1297245752654098433
1297245338269556737
1297245176868614146
1297245162729611265
1297245059885260803
1297244895464370179
1297244643046891521
1297244532229181446
1297244413912129538
1297244064811802625
1297243882200145920
1297243724003471360
1297243670899556354
1297243228102709249
1297242774509694979
1297242356207542274
1297241233153241088
1297241107919667200
1297240370540150790
1297239966125297667
1297239902002786304
1297239743311294465
1297239629792522242
1297239332584128512
1297238697482559495
1297238577143787520
1297238152663502851
1297238137450770435
1297238023541751812
1297237858395226117
1297237838325571584
1297237701373173760
1297237396203986945
1297237321235013632
1297237257334788098
1297237134085062663
1297237112668983296
1297237063667011591
1297237020960608257
1297236899376103424
1297236852437647362
1297236738688131079
1297236580445323266
1297236395732480000
1297236277553659904
1297235969297580032
1297235508922396673
1297235386142425088
1297235369499471873
1297235260535693312
1297235242240049152
1297234627791392771
1297234440167579650
1297234417669332992
1297233481462947840
1297233413297111042
1297233159004839936
1297232994328076290
1297232926032134144
1297232755688972289
1297232738613895170
1297232530337398784
1297232211998117894
1297232195908710400
1297231676779659265
1297231435166883846
1297231355122786305
1297231262923530240
1297231246880366592
1297231191175770112
1297230968567345152
1297230968198242304
1297230789319565314
1297230296782450688
1297230273189486597
1297230180264685569
1297230103198539785
1297229392523988992
1297229367848951809
1297229321803902983
1297229036545101825
1297228857175691264
1297228840100679682
1297228572525056002
1297228416081711109
1297228391549108225
1297228390680989697
1297228334603042817
1297228156395544581
1297228088233930754
1297227930804920320
1297227838618304513
1297227615682670592
1297227538276786176
1297227356390785024
1297226888340021249
1297226647599558658
1297226532382023684
1297226432796659712
1297226294636220417
1297226219776352263
1297226102524588033
1297225894482915330
1297225889059688456
1297225873737883648
1297225608825536512
1297225537182736386
1297225229677277184
1297225143060766725
1297225083723931654
1297225074114789376
1297225031286771714
1297224993986752512
1297224885077508099
1297224822490095616
1297224819910598656
1297224663928635395
1297224563445714947
1297224556881551360
1297224453982748673
1297224331999797248
1297224098012188678
1297224058396971008
1297223951140216834
1297223770009219072
1297223513556815872
1297223498193162242
1297223311081058305
1297223279875436547
1297223121561362432
1297223035456491529
1297223003919482882
1297222961632546817
1297222783332691970
1297222277550026754
1297222167231377409
1297222124625698817
1297222038243938306
1297222030782271488
1297222015804493824
1297221972196196353
1297221967880364035
1297221963987984384
1297221894974984194
1297221820349911040
1297221813429305350
1297221786661261313
1297221701063921666
1297221621686710273
1297221421324697601
1297221309567508483
1297221196644323328
1297221084304019457
1297220987814129664
1297220799364042752
1297220700382662656
1297220628651614208
1297220512867811328
1297220362082680833
1297220356542009345
1297220136143912961
1297219961589465088
1297219927980605440
1297219799311888392
1297219727836745729
1297219614045351937
1297219602867466242
1297219555677405186
1297219497078685699
1297219328098676744
1297219298029637633
1297219290794463232
1297219287288029185
1297219264655523842
1297219246951366656
1297219011789430785
1297218990322917376
1297218988968218631
1297218777503891464
1297218743945306114
1297218471491768322
1297218285679845376
1297218126644416512
1297217949258977280
1297217594219466752
1297217495384948737
1297217383187320832
1297217371178926083
1297217288995774465
1297217249162469378
1297217170661924867
1297217094782722049
1297217055649943553
1297217006178045953
1297216992366088195
1297216823474126848
1297216632679477248
1297216630506885120
1297216618926407681
1297216606037323781
1297216565746728962
1297216565360971777
1297216479851696128
1297216430530756611
1297216368174149634
1297216341775130626
1297216304940748802
1297216245352333312
1297216241699098624
1297216239413137408
1297216225412632577
1297216027764371456
1297216002200088578
1297216001772335104
1297215956758994950
1297215933774168065
1297215862299131905
1297215770645139456
1297215704207372289
1297215636540657665
1297215634338652161
1297215625249660931
1297215596757753857
1297215578957123586
1297215576071274501
1297215464641372160
1297215451848740864
1297215330612379649
1297215286186213381
1297215153231077377
1297215087757975552
1297214912331223040
1297213784344363008
1297213752912293888
1297213064169783297
1297213059409367040
1297212769671024640
1297212138419781637
1297212126503862273
1297212059386556422
1297211109443862528
1297210472178089991
1297210307891343360
1297210222239416321
1297209712291852290
1297209570562105344
1297209158404628481
1297208244839108608
1297207606738591745
1297207091250298882
1297206947863822336
1297205196888694785
1297204227337588736
1297203935808229376
1297203530596528128
1297203371712155651
1297202779396726785
1297201295330291712
1297200482029637633
1297200452627464193
1297199951865360388
1297199250045009920
1297198916837019650
1297196721819340800
1297196519041441792
1297195856588951557
1297195568817733632
1297194787184025602
1297194395914194944
1297194226078416897
1297193576867287040
1297193546399850496
1297192967329984517
1297192884370919425
1297192548902084609
1297192443738304513
1297192050002190338
1297191976518012929
1297191749887164417
1297191443803578368
1297191194536095745
1297190636769214465
1297190196136620032
1297189239143174146
1297189017876869120
1297187771967209473
1297187121808257024
1297186193470300160
1297183765777833985
1297183167133229056
1297182991173656576
1297182938321354752
1297182742279589888
1297182392298409984
1297182097753485312
1297181894518484992
1297181698371866625
1297181694114648069
1297181619963535361
1297181202084962304
1297180787645743104
1297180755261558785
1297180678384123905
1297179556701446144
1297179315428306944
1297178539414913032
1297178084437884928
1297177801595002880
1297177774122242048
1297177647626231810
1297177382676201475
1297177144095907841
1297176098439036928
1297175945460228096
1297175460258836480
1297175102610604032
1297174446596329472
1297174104164962304
1297174060510609409
1297173204688142337
1297172826076721153
1297172620916543490
1297172256993554434
1297171674517966848
1297171275576741891
1297170192657780737
1297170014265577475
1297169883462094848
1297169791652855808
1297169778096971784
1297169755699281920
1297169720370757632
1297169567404503041
1297169513813876740
1297169202718048256
1297169038175539200
1297168943552049153
1297168905253920769
1297168901068005384
1297168850086174725
1297168610784432129
1297168557793476609
1297168322245656577
1297168022336147456
1297168020473819136
1297167867469860864
1297167823068856320
1297167741145747456
1297167133294710791
1297167092161155078
1297166111167909889
1297165886575575040
1297165735261855744
1297165521306165258
1297165139226099712
1297165070263296001
1297164790981431296
1297164668935573506
1297164580704182273
1297164379788644352
1297164360905826304
1297163925356765184
1297163498670129152
1297163334740070400
1297163310526279680
1297161314825994241
1297159921495166977
1297158959904763907
1297157158048595970
1297157083633258498
1297156588961136640
1297156417275731973
1297156183678230528
1297155338005864448
1297155014486622209
1297154720453230593
1297154640014958592
1297154573816266753
1297154456786735105
1297153815611932673
1297153245740138497
1297152797121667072
1297152708030464003
1297152559703035909
1297152544578441219
1297152485665189889
1297151899255398400
1297151707533791232
1297151325134823424
1297151276279631874
1297150917544943618
1297150887903793155
1297150682433290240
1297150632193855491
1297150487683387392
1297149591150788609
1297147673645133824
1297146958486921216
1297146444336508928
1297144349973716993
1297143915058024448
1297143513717649409
1297143392196059139
1297142755148390401
1297142612885942272
1297142467041595392
1297141661819166723
1297141598124478465
1297141338975211520
1297140129509801984
1297140111495385088
1297138604809101314
1297138555467247616
1297138492523282436
1297138308141723649
1297138257055055872
1297138216051630080
1297137808054910976
1297137509428793347
1297137046457376769
1297135795887837186
1297135216285319172
1297135096860946432
1297135019547394049
1297134698364362752
1297134231802585089
1297134021416288259
1297132398136655872
1297131767023927298
1297131516980584448
1297131412357865472
1297131222121025538
1297130281443512320
1297130243833188354
1297130020348059648
1297129896372850688
1297129875392864256
1297128941791174656
1297127147719598083
1297126861483507712
1297126737877307392
1297126387250278401
1297125968960774144
1297125291912044546
1297124346209632256
1297124243050831873
1297123851369721865
1297123595890688001
1297122745738813440
1297122622677880832
1297122341969956864
1297122052240027648
1297121888959893504
1297121569911775232
1297120856460722176
1297120086344511488
1297119162729406466
1297117318271700993
1297117241276801024
1297116949328072704
1297116711183941633
1297115933157330946
1297115199263117312
1297115181072420865
1297114958359076866
1297114798409363456
1297114575632990208
1297114063282016256
1297113589661290496
1297112312705294336
1297112182996512770
1297111756263821315
1297111220307230720
1297110820384657409
1297110766160576512
1297110663970590720
1297110580512333826
1297109735502753792
1297109427972169728
1297109417536749568
1297109232001720322
1297108819382882305
1297108497620926464
1297108199116603392
1297108058280271872
1297108046867464192
1297107964525006848
1297107917351649280
1297107678590676993
1297107631136542720
1297107603034714112
1297107555471302664
1297107366710779907
1297107341788282881
1297107306858119169
1297107063722696705
1297106987910664192
1297106983158525952
1297106982516785152
1297106974774120448
1297106971309625346
1297106916511027205
1297106755227394048
1297106729352736768
1297106721375170561
1297106715037573120
1297106709962514432
1297106589304971266
1297106072659013634
1297104975953362944
1297101647265529856
1297100602296668160
1297099907346698241
1297098449561649152
1297097621086048256
1297094715482021888
1297093805208932352
1297093490187403265
1297091681377030144
1297090461233025025
1297078189294936065
1297077430692151301
1297075035581165568
1297070898734944259
1297070087942344710
1297069089152733184
1297063439521783809
1297060409489403905
1297058987188326405
1297058324479971328
1297057376214941696
1297051007646498823
1297050116088565760
1297049508245680128
1297044445045706757
1297042288175185926
1297039594467266562
1297009884928577536
1296999118250942464
1296985304088403975
1296974663348891648
1296968890296279047
1296957796051750912
1296952542841180160
1296941871961452544
1296941122682531841
1296941092311531529
1296939656248995841
1296938711670808579
1296938394220744707
1296937641712275461
1296935014119157766
1296928940024631298
1296928642916855814
1296927150570905605
1296926942638350337
1296925680517685248
1296923827415519233
1296923298475970568
1296922987770388481
1296922542528237574
1296921266553667585
1296915897895002112
1296915365545508869
1296912641601011712
1296909327341465601
1296909325307277312
1296909014165594117
1296908920448069632
1296906793013202945
1296904657403617280
1296904178913161219
1296903121856233472
1296902602483998720
1296901066072752129
1296900174325964801
1296900032021639169
1296899912211324929
1296899881345458176
1296899253428682752
1296898261631016960
1296897316876627968
1296896100675141632
1296895778129092609
1296894970914377734
1296893348196896768
1296893236372480000
1296893211567443968
1296893108890763264
1296892090954264577
1296891707905253377
1296890290981285888
1296889640125902849
1296889089283756032
1296888666652991488
1296888265136537600
1296888177299464192
1296888072357982211
1296886067338121218
1296885621470965761
1296885396098490373
1296884633838260224
1296883725352022019
1296883057786593280
1296882582529900544
1296882416020226049
1296881167308914691
1296881025826664448
1296880876555509762
1296880844045524993
1296880815096434689
1296880528805830656
1296880467166322691
1296879649226665985
1296876815391371266
1296867057187856384
1296851728382529536
1296849250572275714
1296840598348017664
1296835637321007105
1296830455535349763
1296830011278864390
1296827857650552832
1296827296695951362
1296821909800259584
1296819039277326336
1296818841767407616
1296817980987375617
1296817576815861761
1296817225488310274
1296815909831610369
1296814593591959558
1296803459568676866
1296802714698080256
1296802255241273347
1296801151933919232
1296800750475964417
1296799931143983109
1296799918531719168
1296799419346694153
1296799404087742464
1296798868118659074
1296798695409713159
1296798608730316801
1296798334276063232
1296798216894152707
1296798153279188995
1296795979492909056
1296792745126891521
1296789425091993600
1296786969809301505
1296785648943169545
1296785574712549376
1296784142831620097
1296781934857682947
1296779915237498881
1296778894150967296
1296778198173331456
1296778197841911808
1296773017108979713
1296767509073338371
1296766506777313280
1296765700602765317
1296763597960491009
1296763299816767489
1296761572262543360
1296760544301654016
1296759910185803778
1296759551098851329
1296750671413354497
1296750541305974786
1296749432009089029
1296747832330932229
1296747078207635457
1296745153139560450
1296744951884242944
1296744454401949696
1296744140093509639
1296744103527546880
1296743985055174689
1296743868390617093
1296743670121746440
1296743597665136641
1296743415670018049
1296743223885467648
1296742983459536896
1296742906380918784
1296742710137757696
1296742324312190977
1296742199615512582
1296742050080215040
1296741557207531522
1296740359037497344
1296740139948023809
1296739765295906816
1296739724590288899
1296739156668944385
1296738750643539969
1296738608678936576
1296738346778099713
1296737908905385984
1296737867817984001
1296737809278144514
1296737777921536002
1296737743616311297
1296737403722440704
1296737123656179712
1296736945016639488
1296736884966785025
1296736710626291713
1296736288519880704
1296736110182387712
1296735650759286785
1296731791290707969
1296729459106680834
1296728660968448001
1296727466187399170
1296727076507197440
1296726388670631936
1296725483460145154
1296725406612107264
1296725233240604674
1296724985168506886
1296717815546884097
1296717280739549184
1296717195117043712
1296716309141557249
1296715788691349504
1296715304278654976
1296710781699067904
1296709132452605953
1296706744043831297
1296454007309950976
1296354083515912192
1296122015234088966
1296022415714267136
1295997734072221696
1295802509139808258
1295678383158964224
1295661543191969793
1295653354543218693
1295649031750856705
1295639016587644928
1295634316970647553
1295630969291014144
1295630216526798848
1295629296682270726
1295628718501769221
1295588318005133313
1295385254539165700
1295067210621374465
1294976671121121280
1294731767593738240
1294708443308269569
1294708441978724353
1294530091112964096
1293987145309356038
1293830337978671104
1293829136969072642
1293623921963610113
1293550815937024002
1293539589697789953
1293530274110885888
1293529493513146371
1293526345096531971
1293526165374636032
1293493835453136896
1293485485839581186
1293471737397600256
1293453770278543360
1293437058091024390
1293432024972238848
1293411517610831872
1293352424627933184
1293316400988205058
1293314517317890048
1293301559980367885
1293289971323817984
1293278410756808705
1293274573090238464
1293273518512185347
1293272462474584065
1293271078769393664
1293268086733393926
1293267791949312001
1293266844305039365
1293266373993476096
1293266161841385474
1293252268653862912
1293246521970798593
1293244511498440709
1293242412853207041
1293230333911896064
1293230332154544128
1293229574080397312
1293229573841104896
1293229573551861761
1293229455041675266
1293229179706789892
1293220928751570945
1293220735973036032
1293220578632044546
1293220519571886080
1293220402567630849
1293219413244751878
1293218972029124609
1293191196110663680
1293135633381306369
1293124672658251777
1293097385774780417
1293090143151239169
1293090142182428672
1293063149915197440
1293057389915144194
1293049740528156672
1293037918190280704
1292930688719695879
1292925745191366657
1292924598435160064
1292918250788073474
1292916336667107329
1292915720758726657
1292863479217557505
1292744357385207808
1292580209653415938
1292573202644967425
1292570710569889797
1292527610321342471
1292522841712328705
1292497153970130948
1292487621248274433
1292477615899652097
1292411833249406977
1292399297934364677
1292245783576743937
1292190717838860288
1292168104085258240
1292166989079879683
1292164716454989825
1292161316686368768
1292158641668325385
1292156657032744961
1292115137692827649
1292098310514278400
1292098301169287168
1292090985405714432
1292084237731016704
1292072474868428800
1292066638926434304
1292051185453719557
1292041765780951041
1292036151700787200
1292034170261311489
1292034158726979586
1292032540363108357
1292018131557392385
1292009448156925952
1292001632323067904
1291998679897911297
1291995239473963008
1291992014058332161
1291988134998278144
1291986382286491648
1291974566663852033
1291974273150713856
1291967270210633735
1291942199358259202
1291940091594780673
1291915784034426880
1291898023883214848
1291894713524588547
1291887162347212800
1291867979387412481
1291866295726727174
1291857640700678145
1291853206176268289
1291851831933624320
1291849096349847552
1291845443308191744
1291843303189684224
1291841196361428994
1291841123753897986
1291836357812334593
1291834942931046409
1291833116353605639
1291832059569340416
1291828979515764736
1291828761235783681
1291827843723415558
1291826415579598850
1291821730130997248
1291820299118313472
1291815739935076352
1291814374789861378
1291810381015416835
1291810093743386627
1291809221378531328
1291808513359073281
1291807800805515266
1291806248845938689
1291804047872229377
1291803503845875715
1291803227332190208
1291802296909799425
1291802240525705216
1291801259134066688
1291801091030634497
1291800531246211073
1291798147765854209
1291794150514466819
1291793733571284992
1291793100508205057
1291788454582464514
1291787872257925120
1291786157907415046
1291785951803584512
1291784773850075137
1291784126379503621
1291783299891961864
1291783221110284289
1291783189652963328
1291781450442985484
1291780083649216519
1291779789486018572
1291779569394036736
1291777240485826560
1291776172918026240
1291772090325127169
1291769321610452994
1291768708122189827
1291767929613307905
1291767778240794625
1291767583432212481
1291767403051982848
1291767250379247616
1291767177310281730
1291766918836363265
1291765896499822592
1291765876707004416
1291764500564258816
1291763485316190214
1291763352889434113
1291763283427549184
1291762371850129409
1291762225582166016
1291762133156474882
1291762063904313346
1291761347340926976
1291761239589355522
1291761176901308417
1291761087919071235
1291760965189500929
1291759668923179013
1291758598855565315
1291757672656773121
1291757583569694722
1291757520378363904
1291757508755939334
1291757373544161285
1291757172137885699
1291757036938592257
1291756759594536961
1291756668892647424
1291756613951352832
1291756576408326146
1291756575636566016
1291756546720968706
1291756426382147587
1291756263500591104
1291756256277995521
1291756219896672257
1291756210417541121
1291756198115581953
1291756096290529282
1291735616401608705
1291729557326888960
1291727951264993281
1291658048814153728
1291654441620385793
1291643878290972673
1291638021373263872
1291634061379862529
1291257187134844933
1291254230959960065
1291253460407549954
1291253060124192768
1291247677548748800
1291244620157005825
1291175426149294082
1291140170197225473
1291131767852797953
1291127812951355399
1291126849997803522
1291116512519032835
1291116225481908224
1291115117845843968
1291111082355044352
1291109046024577025
1291106574380011520
1291099429752184832
1291086972770029568
1291084874233806850
1291083234156191745
1291079099033759745
1291075900818235398
1291074350003650561
1291072553751060481
1291072452756471808
1291070883457568768
1291069988162473984
1291063902319579138
1291059664080297986
1291059145207173120
1291058845784010752
1291057190208442368
1291056824209281025
1291055901122670593
1291055721803546624
1291049973388316672
1291045276736794625
1291042932854861825
1290936577833697284
1290807720493420545
1290677433973252097
1290662796955398144
1290657843515973640
1290584588255985665
1290006894786932736
1289958357067956224
1289939574479781895
1289781805193854976
1289669299339005952
1289667564910436352
1289622926224850944
1289543653929766914
1289503276019249152
