1322586628255342592
1322578766334464000
1321917164442574849
1321819574321467393
1321570718539259912
1321502737486499842
1321501969161355265
1321443954815098880
1321363345316868096
1321087096120115201
1321061091561115649
1321046239979458560
1320965796286390273
1320956671347331072
1320896769241305092
1320867227646730242
1320858993502359553
1320851460691763200
1320821098150350848
1320811785923010561
1320809137425551361
1320799950289182720
1320787795120660481
1320775293544615938
1320773254047551488
1320772303244955648
1320767114433699840
1320760916863049731
1320754344908738565
1320747960272117760
1320744551255068674
1320743719902076931
1320743114936590337
1320742162951274499
1320741825318133761
1320736248512843776
1320730003051548679
1320729274987544576
1320728103296094208
1320723129174548480
1320718622030024704
1320717298488004609
1320716109016911872
1320709899907727361
1320702069695721474
1320678337786818560
1320675790799908865
1320675279480803334
1320674811635552257
1320674762956378115
1320673064661721090
1320670332882198528
1320665359536525313
1320652364118958081
1320652346435710976
1320651665482096640
1320650587386580992
1320650306477314048
1320649307431837696
1320648780660772865
1320646269547782144
1320643929025503232
1320642796081074176
1320624146510946304
1320623158655856640
1320610274626424833
1320473007291322369
1320442792607449090
1320439375436652544
1320330404944093184
1320251295790436352
1320245371029884929
1320089120807464960
1320044721268494336
1320044034883276800
1320040606593392644
1320016719138725888
1320006826218356736
1320005097015955458
1319995186051649536
1319985082682277890
1319968914105896961
1319966736796495872
1319963778121928704
1319962269837643777
1319962231501717507
1319956310872317952
1319952402624270336
1319939744625807360
1319939331000250368
1319933899292684289
1319732383600513031
1319722791319515136
1319709457224531969
1319705743734509570
1319699447077535751
1319574316904812546
1319169750166130689
1319104888853438464
1319064972824117248
1319007610180456450
1318988187927281667
1318984243830284288
1318983807249354759
1318982229645791237
1318942566335844356
1318942563248836608
1318942550502289408
1318868970666119168
1318847701585416193
1318827214360748032
1318823895567372288
1318823844866646016
1318764067700473859
1318750651573325824
1318702253210034178
1318695378238230531
1318667190913146891
1318658375882838018
1318654179288715264
1318649788301266945
1318642233348886535
1318639516626935808
1318609136716779521
1318609058279100421
1318605831810781186
1318594118336073733
1318593046527836160
1318592859990347776
1318589634952237056
1318587595329310730
1318581876513214465
1318576647583432705
1318575647237771264
1318573092462071811
1318572135879741441
1318569583100497923
1318563814175113218
1318563669358317568
1318562051233546243
1318558451866476545
1318557774910001152
1318552754206494722
1318550714931683330
1318548723664826369
1318547307504291844
1318544191773937665
1318543667552989185
1318541351173148677
1318538398735474688
1318533373531426817
1318531786864054273
1318528732387250178
1318526410273837057
1318524547306541058
1318523018893819904
1318522622230122496
1318520778372091904
1318519094484807680
1318518407617302531
1318517969769680897
1318517140002119681
1318516404535132160
1318515696796684288
1318513882923700225
1318513049880449024
1318512649156677633
1318512331329048576
1318512092207632384
1318511962809040897
1318511478899724290
1318511466526498816
1318511256949620741
1318511096974757892
1318502246993129472
1318483963627950080
1318475794805673984
1318465041314795520
1318459465021128704
1318459449665794048
1318459437284249600
1318457873383424000
1318454298984972289
1318449220500770817
1318447963925106688
1318445904848949251
1318444197767204866
1318440932845518849
1318437787557822464
1318437222631280640
1318437122433552384
1318427433377402880
1318426680671731714
1318423569274179585
1318419245718437888
1318417897203683328
1318415197187473408
1318305772388929536
1318218497755877381
1318215782862671875
1318214128306163712
1318213722666655744
1318196898390573056
1318149152900063232
1317946258653384706
1317852350908911621
1317847150605328384
1317781651968135169
1317781604568354816
1317781541322395653
1317781491858968585
1317773944586342404
1317750842901090304
1317738275717730304
1317734649515343872
1317730835446063105
1317728048884649984
1317724694552993792
1317708574718656514
1317694583032012801
1317612081206747137
1317590936818470913
1317564120984670208
1317563856642842624
1317560988724531202
1317547173417013250
1317523140419923968
1317483557636493312
1317443832682786816
1317418608386035713
1317418173008908290
1316395694354243584
1316317015171366919
1316158891118522369
1316132841529499649
1316076208237535233
1316056591284744193
1316036440350953472
1316014787520679936
1315989330117234689
1315986909609570304
1315983279158423555
1315981880286679043
1315970666903019521
1315968889776476162
1315968887717081091
1315962508528758785
1315962454606782467
1315960895600824320
1315912596902477825
1315157184255340544
1314941917608718337
1314915807034576896
1314903729347473409
1314890439217106947
1314864085113221122
1314849516345008128
1314798710962954240
1314769439255080960
1314707200045187080
1314688299257270273
1314683339941576705
1314677288311705600
1314652955069603843
1314651544294502400
1314651467786186757
1314651216513822722
1314649980972478464
1314649756744978433
1314252506139156483
1314141272890920960
1314138087145058311
1314119790223654912
1314100160331501569
1314098882712870913
1314083632374525954
1314061084442210307
1313939413316055040
1313937932537991169
1313936899397095430
1313927985997774848
1313927860785209346
1313802945624973312
1313578145509969922
1313413832589619200
1313368532806230016
1313361547276824576
1313203316730597376
1313182430283657218
1313039337303539713
1312538578728091648
1312480058179690501
1312435567750045697
1312421586776006656
1312420857663365121
1312419408900354048
1312408122175164424
1312362545047625732
1312359818838016001
1312359330788904961
1312359009609871360
1312346366413340674
1312336732793253888
1312327699227176960
1312308552405377024
1312302812504764417
1312298611271630848
1312285349947813888
1312279831367778304
1312274063763673093
1312273935992528901
1312273876060078081
1312269343405813761
1312266807080824833
1312266683789185024
1312263694856798208
1312148555369312257
1312130386269335553
1312130315347845125
1312129356190294018
1312129253668921344
1312129024726974464
1312079732201205760
1312056861387108353
1312053304797597701
1312052046997196801
1312051580313702403
1312051062623416320
1312048505331101698
1312048418664177664
1312032175022370816
1312030858648457218
1311879991576195081
1311737812308447237
1311725399852961798
1311721890399105024
1311721110157824001
1311719405450137601
1311696881546924033
1311689955769450497
1311687759711670274
1311683245432549380
1311683039248945152
1311643247186501633
1311635622986211329
1311523420157419520
