1244341678372196353
1244326060638064641
1244181875683401728
1244041618476449793
1244040716382277633
1243941234541985792
1243921891515150338
1243624945684557833
1243620356121862144
1243601633566736387
1243601318348050432
1243598894937845760
1243598680114028544
1243597012655837191
1243596806807793667
1243595631609905152
1243172462734577666
1243018468305375233
1242827271230181376
1242730546809188353
1242599521248514049
1242392685345939457
1242389938521473024
1242171803918839809
1242169957288419332
1242163511716954112
1242154219832049665
1242067917245747201
1241950805709721601
1241950687161921543
1241867912727670787
1241782194047254530
1241769983010648065
1241736598116589569
1241732275655585796
1241696273750790147
1241679322303340546
1241597489700093958
1241521061302276102
1241492356429492224
1241481439214014465
1241471767123812358
1241464434519834625
1241458454826496000
1241448044131909632
1241434074729906179
1241422773521649664
1241420931601440770
1241416112677453828
1241401194175750147
1241396169508556801
1241394161833652224
1241392755055656960
1241390077621698563
1241389135924998147
1241388394934140928
1241386895080292358
1241380560976728065
1241380090228989952
1241377128974778369
1241368603112456192
1241361647735918594
1241358972868800513
1241352733057265667
1241352140108582919
1241347843090198529
1241346070501883907
1241342261356527617
1241341883277807623
1241337157068959750
1241332831240040450
1241332589832609792
1241331673473654785
1241331545010507776
1241330048499621888
1241328687435431937
1241325194515447810
1241323581822455809
1241323331820728321
1241321643470983169
1241321022705545216
1241317435376091136
1241316475836784640
1241315238852677632
1241312100871528449
1241312093556617221
1241311911175741445
1241311456462811139
1241309982642991104
1241309420786782208
1241309304373891072
1241309134433247232
1241308245404389376
1241307856999194624
1241306441287372801
1241306202354696192
1241306153084215296
1241305998511538178
1241305979578454018
1241305509313085440
1241304186903461889
1241303719288995842
1241303068509159430
1241302690413641728
1241302400771723265
1241301679368216576
1241301158553096192
1241301013350567936
1241300983797485568
1241300829044441089
1241300799537512448
1241300761729994752
1241300729853345794
1241300587435696128
1241300390689325056
1241300098526654465
1241300082164670464
1241300013386469376
1241299437168865281
1241299276942266369
1241299155982716928
1241299090689982464
1241299033081208832
1241298989590478848
1241298573708398592
1241298567983239169
1241297674613161989
1241297616526364672
1241296895626092549
1241296741003075585
1241295993464856577
1241295632591192064
1241295304948887557
1241295239366795264
1241295121490104321
1241294965315076096
1241294923921571840
1241294819118456833
1241294807416397826
1241294462611075074
1241294259745161218
1241294216384385024
1241293796698132481
1241293416895520768
1241293287933304833
1241293270627614720
1241292588327542787
1241292563891597312
1241292368265052160
1241292319921451008
1241292200367054848
1241292197124878336
1241292187037569024
1241292041721610240
1241292017117941761
1241292008028811265
1241291979792801792
1241291940353773568
1241291916425207808
1241291885517443072
1241291876700958721
1241291753937948679
1241291727240966144
1241291679119933441
1241291658509123584
1241291588233580544
1241291515932086272
1241291414534860800
1241291392103702528
1241291390350393344
1241291293445234688
1241291277116813312
1241291086691274752
1241291003996385280
1241290877089316864
1241266099926315008
1241244169202470912
1241157580233289729
1241156493560426497
1241156203754991616
1241156054685290496
1241154635383156737
1241093121045417991
1241073079029202950
1241071756099624960
1241040583629713408
1240980748905123841
1240955670171615232
1240904090101694465
1240794520918405134
1240683713329053696
1240683234532511746
1240629420181913600
1240498088957161472
1240496106255126534
1240410366368243714
1240382751406161920
1240379231974182913
1240368950283841542
1240361187495247872
1240356477925277703
1240341682899517440
1240341658996281344
1240332515082153986
1240316507881644033
1240297685380296704
1240297295414845440
1240297179329134593
1240295852977029120
1240291848515706882
1240290935117959175
1240290634134687746
1240290571547279360
1240283954369957889
1240282537768947714
1240268608607064068
1240259792729497600
1240259762803167238
1240255017015263232
1240254652349919234
1240254587195490307
1240238113571647488
1240235483789176833
1240223959284670464
1240214150187491330
1240209409525063680
1240192874014216192
1240176936720236548
1240168133136089088
1240167084258099200
1240159097355489280
1240146722065649664
1240146123840466945
1240143477876371457
1240134819763359745
1240122916328570881
1240104518441893888
1240104503992561664
1240102513552097285
1240101961170632707
1240096794304012289
1240080624616181760
1240079126654078983
1240071927944880128
1240071819199217671
1240071639288754181
1240071202137354240
1240070943080427521
1240064255099092993
1240041721892921350
1240040942989709312
1240034175312375809
1240033646737854465
1240027649931653120
1240024306211528704
1240024224149975042
1240023222973870082
1240022976747241473
1240021465556226048
1240021346358304768
1240020849945690112
1240016879701364740
1240014989622198272
1240014897708249093
1240014863604252679
1240012271201464320
1240010433383235585
1240009755076079616
1240009702915952641
1240009477652389893
1240009156624560129
1240007606955057152
1240007485286645763
1240007418664357891
1240005433374302208
1240005113877377024
1240002153940422658
1240001575172616194
1239999258457264134
1239995041231314955
1239994887489101831
1239994003896111106
1239994002201591808
1239993049775816707
1239990851524231168
1239989450245124098
1239987388698505223
1239987366024151042
1239986115408547840
1239983901151559682
1239976851952390145
1239973663702519816
1239973313306193921
1239973087707197441
1239972849021931523
1239972328101969921
1239971976858353668
1239971911502721025
1239967657111080962
1239965442371801088
1239962105564073984
1239962098752319494
1239959112009551873
1239954985519124481
1239953139819782146
1239950575384563722
1239948147671076864
1239946844421132289
1239944613361836033
1239943591943864320
1239941458871943172
1239940034159161345
1239939288738955269
1239937731670806529
1239937371090624512
1239936736131780609
1239935682463911936
1239934976088555523
1239934706319347714
1239934296888147969
1239934100464697352
1239932954438230016
1239932068466999297
1239929617231814657
1239929411559927808
1239927047608246273
1239926416411525120
1239924830616588292
1239924425941803010
1239922994434256896
1239921569805283333
1239921433318432768
1239921264602595328
1239921211293028353
1239920927443423233
1239920913790963713
1239920776570187777
1239920753216282624
1239920313514840064
1239919931979857920
1239919875243507715
1239919006682931206
1239917336213229572
1239915587100434432
1239913747562594305
1239912241375444993
1239911952798941184
1239911677325389824
1239909638046388226
1239909309317820424
1239908852033884163
1239908116642365440
1239907894109274112
1239906469363036162
1239906209022558209
1239906084497825792
1239904611919593472
1239904388770074625
1239903873348837376
1239903710655979522
1239902412523155456
1239902386627530752
1239902373625188352
1239902363495870465
1239901959806648323
1239901942693998592
1239901593224581121
1239901375699595265
1239900777445052420
1239900273847533574
1239900235708727296
1239900139424288768
1239900050517565440
1239899815527448576
1239899680940703747
1239899337536221185
1239899123299561473
1239898844210565120
1239897925477597185
1239896984510750721
1239896934179012609
1239896190369619970
1239896071800848385
1239895822898249736
1239895700189720576
1239895450477608960
1239895233170747393
1239895226891845632
1239895162618347520
1239894006903066624
1239892988739964929
1239891773499084800
1239890904036585472
1239890638931451904
1239889600958681091
1239889558617104384
1239889258413993984
1239888584431341568
1239887570244337665
1239887547666489344
1239886977484427264
1239886751751180290
1239886238875820032
1239885848012820480
1239885613479976961
1239885280846516225
1239885244653801473
1239885178903937024
1239885099992256514
1239885089963741184
1239884437497798656
1239884102456815617
1239884092109438977
1239884006482722819
1239883998073180163
1239883807861477376
1239883595696803840
1239883434706833408
1239883238782521344
1239882308376834049
1239882123894558720
1239881214091280384
1239880536136585219
1239880502145888256
1239878435062853633
1239877874057969666
1239877804176617474
1239877086732595201
1239874467859509249
1239873935707168769
1239873644525948929
1239872243771080704
1239871720477114369
1239871398920753152
1239871378846867462
1239871327026241541
1239871189989953536
1239870665093677057
1239870633137373185
1239870613164081157
1239870406938558466
1239870262046318592
1239868722875183104
1239868607263322112
1239868437289218049
1239868332930719745
1239868189477085186
1239867997583482881
1239867941258174464
1239867579059011586
1239867551515136000
1239867534377181184
1239867461664677888
1239867420128489477
1239867084672307200
1239866907269959681
1239866432973832193
1239865997521190913
1239865982283403265
1239865961928445953
1239865909038264321
1239865829799481353
1239865735461122049
1239865448780496897
1239865242357825536
1239864719546122242
1239864665200562178
1239864622544494595
1239864549953634304
1239864548372279296
1239864494802731008
1239864395838246913
1239864383691534341
1239864306180726786
1239864172902526978
1239864128346480642
1239863965682937856
1239863908250378248
1239863778407145474
1239863764104753154
1239863629635338240
1239863502430445568
1239863375737376770
1239863347484467201
1239863121004703744
1239862994529669120
1239862810198388737
1239862800194953217
1239862701783990274
1239862635694297088
1239862503825424384
1239862024655507456
1239861846670270464
1239861346164002816
1239861125078007811
1239860967024005120
1239860815320223744
1239860793664995331
1239860791672737792
1239860650752593921
1239860160413290496
1239860054117027843
1239859841008570368
1239859744430534657
1239859566675988480
1239859549781319681
1239859466390175744
1239859380218200066
1239858665013862400
1239857837020524544
1239857627737337862
1239857579460886529
1239857408706478080
1239857372039954432
1239857343715778561
1239857300652916737
1239857290313940992
1239857285746298881
1239857267362668546
1239857123904929792
1239857019445747713
1239856929293434880
1239856814419828737
1239856704696856704
1239856659377332224
1239856637348904961
1239856577017982978
1239856567702491136
1239854960264839169
1239854698590605312
1239854389805932544
1239852802937163776
1239852396471373824
1239852358353502209
1239852233946271744
1239852165654609922
1239852135568867328
1239852037636075521
1239850595869220864
1239850075758755840
1239849985598001152
1239849980883423232
1239849790680240130
1239849176336384000
1239849002209808384
1239848385030619137
1239848243200249858
1239848221679276034
1239847942019788800
1239846959210520576
1239845622259355648
1239845274693947392
1239845127876739072
1239844207734521863
1239844020983119872
1239843958689280000
1239843771535306752
1239843648528961536
1239842930833133568
1239842916421468160
1239842797492080640
1239842746246074368
1239842599105634304
1239842163464306690
1239842135211474945
1239842093499121665
1239842032434044928
1239841941631701004
1239841665529065472
1239841505054986240
1239841419319300096
1239841395134869504
1239841350478188544
1239841330483904517
1239841190847143938
1239841043018907655
1239840974001577984
1239840887770939392
1239840810268594180
1239840705314525184
1239840673051947008
1239840648708198400
1239840603426500608
1239840527178174464
1239840434513461249
1239839699474227200
1239838889591869440
1239838519918579712
1239838274644041728
1239837196334632961
1239836051721592833
1239834692255387648
1239834000664952832
1239832715266011137
1239832674887512064
1239831163914592256
1239830556428210176
1239830294510919680
1239828499248144384
1239828005507272705
1239827869708279808
1239827212414697472
1239827150380904448
1239827120500748289
1239825827577106433
1239825598803062785
1239825359656321025
1239825350466682881
1239825342124175363
1239824894805884932
1239824803139325953
1239824619630198784
1239824572129648640
1239824278717112320
1239824227647270912
1239823361150275585
1239823231592337410
1239823166857457664
1239822387631329280
1239822214268178432
1239820985471250433
1239820810300338176
1239818998805606401
1239817883812687874
1239817763054424064
1239817717420613632
1239817240918339584
1239816824604233728
1239816346176819200
1239816321866448896
1239815121272274944
1239814963864141824
1239812696058531840
1239811261501771776
1239811135878107137
1239811121579790336
1239807730262724614
1239806573175885825
1239806175190880256
1239804101657079809
1239803885000314881
1239803812824702976
1239803185306324992
1239803081921093633
1239803026862477314
1239802259564871680
1239801753924706306
1239801393080406016
1239801254718713856
1239801249912012801
1239800459000532993
1239800394022338560
1239799756160933889
1239799741640302592
1239799664100212742
1239799604524322816
1239799428627791874
1239799292837146624
1239798817937113088
1239798599644561413
1239798567818211328
1239798461857443840
1239798412184346624
1239797712121364480
1239797708958859269
1239797410660069376
1239797194225520642
1239796802615943168
1239796694398754824
1239796104130068481
1239795882339504128
1239795418520788992
1239795206947590145
1239795013309083649
1239794857033355265
1239794612803436544
1239794046140157954
1239794033511346177
1239794013827407874
1239793725464772609
1239793424322232321
1239793272291299328
1239793061758107649
1239792518994280448
1239792099794587649
1239791921507250178
1239791735166898176
1239790978967515141
1239790461751042048
1239790428427337735
1239790274706112514
1239790264547336193
1239789933910470656
1239789786392596481
1239789517630058496
1239789144643166209
1239788684729298945
1239788462024335360
1239786946236276737
1239786838815985669
1239786582158143491
1239785960520458240
1239785610958831617
1239785453060067328
1239785111656202241
1239784750853824513
1239784479754981376
1239784189429415936
1239784074979479552
1239783984487378947
1239783730140626944
1239783538704220160
1239783178916761600
1239783150496161792
1239782982988320768
1239782573867442176
1239782461837541376
1239782409580748801
1239782167116492800
1239782036115783684
1239781988212641793
1239781891210907648
1239781530861477888
1239781427241254912
1239781400619991040
1239781284198711296
1239781263491334144
1239781071086125058
1239780958490034176
1239780520432721920
1239780512568430592
1239780363473424384
1239780336646717441
1239780107012767744
1239780002281000961
1239779976800546816
1239779455960322048
1239779260530900993
1239778875292483584
1239778551462756354
1239778476993007618
1239778327398940673
1239778182099808256
1239778164185935873
1239778083676270592
1239778027376193536
1239777732898275329
1239777732524990466
1239777628107800581
1239777458590752768
1239777240235364352
1239777236238192641
1239777202549534730
1239777176964251648
1239777136958980103
1239777072266063873
1239776706472423430
1239775637910495232
1239775195998687238
1239775103094788096
1239774399651291136
1239774264183730176
1239774138442506240
1239774003193098240
1239773904064872448
1239773128890429440
1239772958412980224
1239772120919543809
1239771918145814528
1239771772813279234
1239771679850745856
1239771319144775680
1239770861470650370
1239770850552881152
1239770753362546688
1239770542980370432
1239770496985694211
1239769885175152643
1239768758811594752
1239767057589207040
1239766861081915393
1239765913236365319
1239765745862676480
1239765669660459008
1239765058021883904
1239765032566763529
1239764831923814400
1239764298446053378
1239764069453910016
1239763502967017478
1239762463236722697
1239762352716873729
1239762172361748480
1239760043618304001
1239759689677758465
1239759386249179137
1239757912756666373
1239757648981110786
1239757486074122240
1239757231039467520
1239757174559199232
1239756607812034560
1239756491952779264
1239756304668860417
1239756271886139392
1239755845816156161
1239755615351824386
1239755026442174464
1239754384143237120
1239754222763114497
1239754007482073088
1239753792406593537
1239752383447654402
1239752351289925632
1239752264853716992
1239751411346345989
1239751300142817280
1239750407683006464
1239749978500759552
1239748364805251072
1239748289056116738
1239748286514429952
1239747438719664129
1239747411708428294
1239746150858731523
1239745340120727553
1239745298299322368
1239744958959157248
1239744666746183682
1239744531224039424
1239742554297466882
1239741565054091264
1239739415729262594
1239738872898244609
1239738801376952322
1239738689191804928
1239738538758979584
1239738519012114432
1239738003951673354
1239737900985655297
1239737563180494850
1239736427920986112
1239735902236262400
1239734702401036296
1239733343224201223
1239732107968200704
1239730692315131905
1239729603708665858
1239729554605985792
1239728857273548800
1239728849228902401
1239728318619975680
1239726629477376000
1239726603934093312
1239725772371345411
1239724849796452353
1239724806574137344
1239724789339754496
1239724396786450443
1239724316117340161
1239724303702282245
1239723881394581511
1239719609638551552
1239717182776512514
1239715527041470465
1239712832662515715
1239712099141595136
1239709208121147392
1239708620033527808
1239708231364218881
1239707797425655809
1239705645818896386
1239705524117135360
1239704714247319552
1239704332716687360
1239703454731436033
1239701777341124609
1239701288461504513
1239699144052277249
1239699060413599757
1239698773175078915
1239698539149754369
1239698407121457152
1239697610409213955
1239697420293898246
1239697400685527041
1239697232305295364
1239696798018613255
1239695714625753088
1239695634728398854
1239695019583459329
1239694899617898497
1239694846270615555
1239694827220074496
1239694715622219781
1239693758293331969
1239693316226265088
1239692031498301440
1239692008769433611
1239691699817000962
1239691328038080512
1239658693395914752
1239655329874489346
1239652205898223619
1239643800059994114
1239638006920863744
1239627541842927616
1239625185319321601
1239622704149467136
1239620906407919616
1239618909478760450
1239617804971769858
1239616763400278016
1239615512289689600
1239614599059603456
1239614224403480585
1239613945675218949
1239613721061842950
1239613111843328003
1239612971082489857
1239612796331085838
1239612601094602754
1239612598510923777
1239612316087472129
1239611845822087168
1239608556040708097
1239585875421466624
1239585364232331265
1239560299168104451
