1277984649206251520
1277984602670366722
1277974796421132300
1277973487324246017
1277972463578517504
1277971834835615745
1277941990307647491
1277600988560601092
1276870462228893698
1276504151803998208
1275493492010225667
1274362573064978432
1273429095922237445
1273426096382410754
1273335309246369794
1273329132848517122
1273214616114532354
1273205691952574464
1273187166731018240
1273015315794989056
1272776544776269825
1272655396218470401
1272637044184035328
1272536252017934336
1272527736691662861
1272527705897078791
1272296492481511424
1272271649472200706
1272249410848804864
1272218400098525186
1272167996958613505
1272147279164702720
1272143396405207040
1272127888591130626
1272115381239513088
1272115366110670848
1272114757345193986
1272114151251460098
1272113182962835456
1272112769647640577
1272112505159024648
1272100060193529856
1272093944382439424
1272090299586707457
1272088335348097024
1272083642307805184
1272083608157773826
1272080987841859586
1272080961912614912
1272052662591057921
1272034595035328513
1271981935632490497
1271942005816467457
1271932542455857154
1271927209272520706
1271918535678271495
1271916894677762048
1271915638517268480
1271910803696910336
1271909995140059136
1271906949467119619
1271906143946846210
1271900741821779970
1271899115337678850
1271897061764497408
1271890625537945600
1271885114008653827
1271883819898077184
1271880369160232961
1271876877137870848
1271876193285963778
1271872575304597506
1271865848567934978
1271863750015008769
1271862471154970624
1271860301638578177
1271858863076147215
1271858002807738368
1271857506529292296
1271855821505388550
1271853552349126658
1271852963447767044
1271851706133987330
1271848964682383362
1271848710792765442
1271843634829279235
1271841248513593345
1271841003947921408
1271838273107828737
1271831716873846784
1271830236582338566
1271827072055414785
1271824983304613890
1271820277417156613
1271818653890207744
1271813714803593216
1271812564394147844
1271810482949836800
1271806907368472576
1271802256610988032
1271799235730694144
1271799212875923457
1271796683899392000
1271794621971075073
1271793634195787776
1271791715486248960
1271789785368141825
1271789784009187328
1271789560234729474
1271788830295764992
1271788084540182528
1271787980521340928
1271397527221305344
1271357604074262528
1271353085441572866
1271301033931743232
1271194325960069120
1271189736904851460
1271189699311341574
1271189363280482306
1271187859010203648
1271057984345554944
1268984741442859008
1268984705807978497
1268981857544212483
1268979414899064838
1268907392990838786
1268553427858132992
1267747201800900611
1267391432970600450
1267390929054380033
1267385878789476360
1267385109184942080
1267383600602845184
1267382880633630721
1267370784038825984
1267357296746790918
1267345946712649730
1267344628480716806
1267344526479220738
1267341250145013760
