1333555591256674304
1333551196485902339
1333551133856575489
1333549304791920648
1333548809511710720
1333548286641385472
1333548119410290690
1333547347301822465
1333546779787161600
1333543493625581570
1333539803980328962
1333539403562672130
1333537097408540673
1333536536063848448
1333535912479891458
1333535783828004864
1333534641240862720
1333525753749790721
1333522517944918018
1333518099421810688
1333517460172120067
1333515386298490881
1333508590309675008
1333508497548472327
1333508405437329408
1333507139785138191
1333505649318227969
1333503628192198658
1333503265280053253
1333500786433814535
1333500025029226496
1333495679130488843
1333495080578068488
1333493451988594688
1333493171620356099
1333492647269445634
1333492633319124994
1333491294572847105
1333490819123326976
1333490622943129607
1333490550067113984
1333490365870055427
1333490326007406595
1333489894732271616
1333489665899458562
1333487431585329158
1333486004909568001
1333483937759367174
1333483805701763073
1333483754694844417
1333483536624521219
1333483088706461698
1333482652305854465
1333482631271501825
1333482547175682050
1333482043628511236
1333481188183461897
1333480894590496769
1333480888475246607
1333478574603591683
1333478119748087811
1333476602164948994
1333474361907564545
1333470752872550404
1333460348461064193
1333460120865558529
1333458341360771077
1333456485595164677
1333454435914293256
1333452624390205440
1333445060353011714
1333441872837095425
1333420938365464578
1333420794517577728
1333420097751408641
1333417727294398465
1333415329322643465
1333398308035891205
1333396292609994755
1333386954398953472
1333385555518877696
1333372464244592643
1333370783041810432
1333370423468290048
1333354814063906816
1333353048056401920
1333352368935735297
1333351905473474560
1333347049564155904
1333333986005880832
1333328774562242562
1333327383491981314
1333325839765794816
1333321333749506048
1333315707011002369
1333315618410549248
1333314977533472769
1333309926190567424
1333300724357328897
1333297920737746945
1333297681339396097
1333296568435355648
1333294592788197376
1333289504153722881
1333263459497218048
1333262064744341505
1333261644705697792
1333260638941032451
1333259623235727364
1333254284130086912
1333211631589920769
1333201700040138752
1333196794382200832
1333194670961254400
1333190268321996802
1333188690949136391
1333187605853298690
1333186437341196289
1333157808322334721
1333153373823119363
1333151094789332992
1333144488462741506
1333144291175239681
1333142223802814464
1333135007737655298
1333132377766453249
1333131255647526912
1333125971810115584
1333124434991996929
1333118875324518400
1333112393241653255
1333112364862935045
1333100115989569538
1333098377802903554
1333098000156143624
1333086806372397057
1333082614371143684
1333077677020950528
1333073092579561473
1333060862555402240
1333056121007976451
1333054741115494403
1333054733171486722
1333054455789596673
1333051751826644994
1333051325039382529
1333050660183547908
1333048850202943489
1333044188477317126
1333038538456264704
1333035573662068736
1333032731274604546
1333031354141904896
1333029581645885440
1333028692042391553
1333027445369434112
1333026482449506304
1333025717248987136
1333024148013113344
1333023230538428416
1333022900924936192
1333022565531594752
1333022048503918592
1333021062313873409
1333020809443610625
1333019256775118849
1333018230621839360
1333017652613308418
1333013074182361097
1333011480954986497
1333009833755336705
1333009750364196865
1333005430080098304
1333005043805646850
1333003879798149126
1333001909569982465
1332999806915129347
1332997974767652864
1332995335153704968
1332994412071280642
1332994363895459841
1332992363996860426
1332992124057513984
1332990499112841217
1332990163581104128
1332989497479401472
1332987999827742720
1332982996798943232
1332982871095652353
1332982502907129858
1332982058046590976
1332981920939073537
1332981015028043779
1332980583249698826
1332980094642626560
1332979708695285761
1332979151129686016
1332978721897242624
1332977752966909954
1332977614575841283
1332977592471859201
1332977368697348097
1332977005009186816
1332976656357715968
1332975579428163584
1332974699098345472
1332974454033539072
1332973288742662144
1332973088208777216
1332972367409262592
1332972294700994560
1332972132624723971
1332971742764134400
1332971364031008768
1332970856323092482
1332970674059698176
1332964230740533249
1332960000558428160
1332957294926114816
1332956573979783168
1332955997577637890
1332955205596557312
1332951253572345864
1332950476476866565
1332947411615047680
1332947268798984193
1332946625115938818
1332944618346975234
1332944530920894465
1332944252645629953
1332943821638950913
1332943438157934592
1332941350942236673
1332940848271683585
1332939968084398080
1332939869044297728
1332939752757190660
1332935916512489472
1332934859531104259
1332928927740928001
1332927010893651968
1332923556158640130
1332899106751213570
1332871770861408261
1332866342249242626
1332858025678430208
1332849167895588864
1332820467200221185
1332819929746305025
1332819538237337603
1332816641764298752
1332813237864247297
1332801276887896070
1332798840399912963
1332794313974161410
1332784831235825665
1332783592842334210
1332783592838209541
1332777665351266307
1332777018342117376
1332776881276456963
1332775022025469952
1332770137909440514
1332768375332810754
1332767197815599110
1332765171849236481
1332764923735183361
1332762332066426880
1332754986527297545
1332754593885937664
1332754471173189641
1332754118633459712
1332754022302949381
1332748030072791048
1332745128201613315
1332743344720633856
1332742360556597250
1332738031506354177
1332735242453479424
1332735226548805636
1332732974773792771
1332732502239305729
1332731967159361541
1332731135957282822
1332728081560297474
1332728065370284032
1332727365223510023
1332727162340782081
1332727134289342466
1332726591064072192
1332725043118415874
1332724420218064897
1332724214919532545
1332723598533013507
1332723500776361989
1332721554556334080
1332721456359333898
1332720134822260740
1332720021181771776
1332719549192544259
1332719369634320384
1332711210857455616
1332710409212731394
1332709006679404546
1332708467258380288
1332707045779402757
1332705396113494021
1332705117896904705
1332702491327262727
1332700511242514432
1332699478067994625
1332696874688655361
1332693383605854210
1332688781833547785
1332681486907170820
1332680504991158273
1332680339031019526
1332678385420668934
1332674583930023937
1332671883981021186
1332671296774270976
1332670712352563201
1332669006654951426
1332668637568757767
1332667938181148674
1332666485249019904
1332666275525517312
1332666237348884483
1332665622799523842
1332665380972662784
1332665040403566593
1332664523053031426
1332664522893615104
1332661642002378755
1332660516280471552
1332659967330017280
1332653719381569537
1332652762589503488
1332651703741472769
1332650357428785153
1332650231335428096
1332649722327265284
1332649636641824768
1332649223725195265
1332647796533579779
1332647735871287297
1332644972659679232
1332643043367923714
1332641962571276289
1332641756031160322
1332641439805825024
1332640073754488832
1332636615903162371
1332635224346406913
1332634508294762499
1332634067230203906
1332632020531486720
1332626407072083969
1332626392429850624
1332624800397791235
1332624657875410945
1332623710126268416
1332623027822096384
1332623006343057410
1332620767721369614
1332618392671498242
1332614086861926400
1332613492495552517
1332611988149727233
1332608963276378113
1332604637246074882
1332603275326222336
1332602319943438337
1332599241940869121
1332597596817330176
1332595457118367746
1332594687727833098
1332593792113913856
1332593399724118016
1332590453892505601
1332590301509263361
1332590180839133190
1332589930015494147
1332587266498322433
1332586955025117184
1332586318833053696
1332585594577448966
1332580988967395328
1332580626499858432
1332578967333855236
1332576898757627904
1332573544576921600
1332571277656289280
1332569578854100993
1332567891825336320
1332563275406598145
1332561307363651584
1332559713238716417
1332552963357806593
1332550492686315528
1332548776280662017
1332544892866867200
1332542165910753285
1332539271010545665
1332538875655434240
1332536898917634054
1332533279224893440
1332532824411402243
1332531610747625472
1332527266409172992
1332526569039028226
1332524190432419840
1332523975847632898
1332515598144851970
1332514234484355072
1332512695485145089
1332500654263332867
1332488894093422593
1332474027454164995
1332465407530315783
1332460334112788480
1332458755007647744
1332456600876019713
1332456294763155459
1332455834467577860
1332453719540166657
1332450244131483651
1332448808756764674
1332448593584787468
1332447668124209157
1332446761357553665
1332445999973982208
1332444987636801539
1332442435474104323
1332441444158754818
1332438440454086656
1332437995266379777
1332437564603715584
1332437324328824832
1332436790574084096
1332436263362850818
1332433963751776256
1332433433075851267
1332433076165730308
1332433021014843395
1332432834158583808
1332429481450090497
1332428972957835271
1332427361975930884
1332426889709948928
1332426220223475717
1332425703137140737
1332423526230454275
1332423249909714945
1332422687088652288
1332422333374607360
1332421825456902145
1332421155832131590
1332421056280342532
1332420957131206657
1332420870338318337
1332420606541918209
1332419604799426561
1332419536272977921
1332419226699784192
1332418694736130048
1332417624790208512
1332416743898312704
1332416498070122502
1332415666981318659
1332414568799363072
1332412848362938371
1332412555726352386
1332412429955952641
1332411190044205057
1332410954567520258
1332409600369418242
1332407544686505984
1332406296239353856
1332405935323623424
1332405837097291782
1332404862894608387
1332404855659515904
1332403437078765568
1332402950606610433
1332402425001545728
1332401416741277696
1332401041757835265
1332400926913687560
1332398717698256907
1332396723973595136
1332396057884549120
1332394969714352130
1332393512873172992
1332391307281625093
1332390468722827266
1332389890831609858
1332389393470984192
1332389001047760896
1332387349225992196
1332386761700487171
1332386576626814977
1332386269016559616
1332383604383621123
1332383558485352448
1332383370727329797
1332382944846098434
1332382505631150082
1332382065719959562
1332382011219177472
1332380665673777153
1332378798701113348
1332378630832447491
1332378127998328833
1332378114299576320
1332377193595461633
1332376505255604224
1332375920712232963
1332375603757129730
1332375600951140357
1332374961500119042
1332374235050864642
1332374096638775298
1332373622309203973
1332372854709612545
1332372432846532609
1332371985289121793
1332371347146747905
1332370260582944768
1332368423796563969
1332366804983951363
1332366655163404289
1332365607682109441
1332365460705259520
1332364928498495488
1332364599929221121
1332363943709388806
1332363116676599811
1332362288909717507
1332359324274974722
1332358060631859201
1332358012649017346
1332357686852194304
1332357575413796866
1332357333083713537
1332357255342280704
1332356158863110145
1332356059168641024
1332355653726310400
1332355642518953990
1332354856808542209
1332354317274271744
1332353975656517632
1332353732915453952
1332353220191129603
1332353087277838337
1332352360748883970
1332352324648513537
1332352166720368644
1332351630528962562
1332350786383253505
1332350729294663680
1332350025519738881
1332349556810452993
1332349504314634247
1332349274353524736
1332349038755196932
1332348732076154882
1332347970017243137
1332347114660241409
1332346976394948615
1332346394712158216
1332346304119394304
1332346287610589185
1332345647496916993
1332345257535680514
1332344869772210176
1332343888653193216
1332343662643130379
1332343343381172231
1332342806187290624
1332342414929956864
1332342022305361922
1332341834299961345
1332339817074601985
1332339725852692481
1332339269558546437
1332338952590807047
1332338523878330369
1332337980661518336
1332337872163254272
1332336914230366213
1332336319457005568
1332335329282564097
1332334958044717056
1332334777295384578
1332334112435269633
1332333938598096897
1332333637338079235
1332333600579203072
1332333199180111872
1332331326628913154
1332330917709418498
1332330810905649155
1332330565010415633
1332330175774814211
1332329945880793093
1332329156084969480
1332329019585552384
1332328906448384001
1332328770053824514
1332327565248372740
1332327554590666752
1332326805160783875
1332326598708703233
1332324691546173443
1332324374410629120
1332323692437770242
1332323170011934721
1332323121949511682
1332322669228945408
1332322534650507264
1332322348461150208
1332322110597967873
1332322038506254339
1332321818250792961
1332321290582102018
1332320503726546949
1332320399061815299
1332320053245718528
1332319208026337288
1332318789782958082
1332318685294452737
1332318599193759745
1332318498815696896
1332317934593724420
1332317828167438337
1332317777588330497
1332316993551265792
1332316933065203721
1332316875825491968
1332316725539450881
1332315838641221632
1332315562131808260
1332315244551606274
1332315024480677890
1332314815881244678
1332314803378016258
1332314171069915136
1332314040085979136
1332314011866718213
1332313598220242945
1332313166689218564
1332311925905104903
1332310938045865992
1332310688564391938
1332310493063749634
1332310414533816321
1332310205569388544
1332309979190210560
1332309909342400512
1332309026567299073
1332308882803355651
1332308786057531392
1332308682223349762
1332308347941490688
1332306577722912769
1332305965576826880
1332305656792158208
1332303990034366466
1332303736421683200
1332303574043406338
1332303474399322113
1332303323697963010
1332303109968842752
1332303055501602816
1332302996059934720
1332302970541789185
1332302739045556224
1332302657663479808
1332301368229580801
1332301192656023554
1332300629637820416
1332300271469408257
1332300086714490881
1332300042745634816
1332299518495256581
1332299144069779458
1332298937932378112
1332298316349132808
1332298012572454918
1332297536112095232
1332297059630772224
1332296435744862208
1332295809057091584
1332294720454762496
1332293907485503489
1332293496489861121
1332292765384847361
1332292596916432896
1332292315252133888
1332291489083379713
1332288446203916288
1332284643484323841
1332283995908935681
1332283560825413632
1332283098856382464
1332282698765897734
1332280959681654784
1332280608207343617
1332280281613692930
1332280041078710272
1332279777508646913
1332279717551083520
1332279680070791168
1332277475607523331
1332277441700749317
1332276957787148288
1332276845115564035
1332276696985296898
1332276223658094592
1332273588947267584
1332272984652992513
1332271974152876032
1332271835904413696
1332271716081537030
1332269389647790080
1332267402382471168
1332266961225576450
1332266670518308864
1332265722228207616
1332265612509405193
1332264644963164161
1332263100976943106
1332262805186236417
1332262554559766529
1332261647898054659
1332261588867444740
1332261510631088135
1332257982487343104
1332257584003362816
1332256031724986368
1332255609807380483
1332254487524859905
1332253730213945345
1332252156980760579
1332249980275453956
1332249824197025794
1332249677195055104
1332249611562528768
1332249573667069952
1332249484005347328
1332248778909372417
1332248365640323073
1332247672179351552
1332247420906958849
1332247413642440704
1332247172667088896
1332246119141810177
1332244572798398465
1332243603251474432
1332242110926508037
1332241764225314817
1332241674198802434
1332241296107433984
1332240831013642240
1332239889656582144
1332239649075572736
1332239478036066304
1332239053761208320
1332238898995539969
1332238366889435136
1332237752100921344
1332237588984455169
1332236998388670465
1332236367364034562
1332235894447878144
1332235812319145986
1332235721046941696
1332235651018735616
1332234852893134848
1332234666347270147
1332234618259595269
1332233058012041217
1332233021915869185
1332232475414851584
1332232398612951046
1332232238138847232
1332232104403480576
1332231053512159233
1332231052312637442
1332231005470683136
1332229462172332032
1332229284837142534
1332229231506493440
1332228668781891585
1332227308116119553
1332226554491965440
1332226184076255232
1332226112743759875
1332224091668029441
1332223256628252672
1332222926502965248
1332222779807072262
1332222380119379968
1332221948684890113
1332221581368635394
1332221294868385793
1332221167797735430
1332221142124298240
1332220888272474118
1332220285844672512
1332220225492840448
1332219988283895813
1332219887754874881
1332219835544166400
1332219753725898753
1332219620854550528
1332219619994644481
1332219241282596864
1332218825593528320
1332218545267240960
1332217678258446337
1332217663112810496
1332217404965990401
1332217178532229123
1332216968661884928
1332216891511889920
1332216232519602177
1332215329314000897
1332214799036461059
1332214398920896512
1332213962889441281
1332213619879194626
1332213570847842304
1332213540850176000
1332213030273298432
1332212876170375170
1332212422548090882
1332211877657661440
1332211054030577664
1332210218407702528
1332210188045201409
1332210004410183682
1332209832565280768
1332208146966859776
1332207431020126209
1332206498995384320
1332205842989522950
1332205752426106880
1332205017189785601
1332204984159571968
1332203634365493248
1332203048224034817
1332202200572043265
1332201923492126720
1332201351791714304
1332201128784785409
1332200212635521024
1332199470835097601
1332199081947635713
1332198875113938944
1332198173381636097
1332197301742428161
1332197194900905989
1332196963551498242
1332196300050325504
1332194613617168385
1332194532897787905
1332192463579176962
1332191044453195776
1332190582387712000
1332190170855190528
1332189583711346688
1332189308082647042
1332189290164613121
1332188990376714242
1332188798629916676
1332188771463409669
1332188525928837120
1332188294558470146
1332188233334202369
1332188043177037833
1332187952949186561
1332187049273778176
1332186512805474304
1332185768312311809
1332185472563613696
1332185284386152448
1332184795766525954
1332184760014295042
1332184017752510464
1332182806672384000
1332182571564691460
1332182542775169025
1332182438076952577
1332181674944323585
1332180936256086017
1332180852667805696
1332180727660769281
1332180692734779392
1332178475130761216
1332176421960241152
1332174242360733696
1332174215299129345
1332173496340918273
1332172706805145600
1332171327751393281
1332169091105361923
1332167647727923200
1332167639129616384
1332167197234499585
1332166769415434247
1332165644788396032
1332164637501104128
1332163065803051014
1332160574445277189
1332159740240138242
1332158598307311617
1332154315436417024
1332154073341104128
1332153691860856833
1332151801102168065
1332151190180728834
1332149851321200640
1332146175240269827
1332145459444506624
1332144646793916416
1332144620638236672
1332144066881081345
1332143423831334914
1332140353953165322
1332136588822900737
1332136588537696259
1332135891674992641
1332132652716003328
1332131220763848707
1332129671572574208
1332129386909356034
1332129098097954818
1332128895492124675
1332128485222076426
1332127389221052423
1332127367888838656
1332127133372723201
1332126149120585728
1332125937673056259
1332124339228041216
1332122743748370432
1332122090393124867
1332121753892564992
1332121146498617345
1332120817451282433
1332119907060813824
1332119768040665088
1332119720103960577
1332119240967659526
1332118931067297795
1332118884640559104
1332117873419018241
1332117047447318529
1332116232191971329
1332116171798228992
1332115977140658177
1332114571709083648
1332113250901778433
1332112449315741696
1332111695309889537
1332110734256386054
1332110565783777283
1332110341384380421
1332109972692480000
1332109888676392962
1332109691011424263
1332109592579411969
1332109136092422146
1332108024660578304
1332107713967517697
1332107527635542024
1332106515491205121
1332106467021873152
1332106416782454784
1332106118391357448
1332105961926889473
1332105683236515847
1332105211255599104
1332105026886504448
1332104591354322944
1332103867505455105
1332102999708196865
1332102878354436096
1332102569808826369
1332102396302987264
1332101832970268677
1332101619312451584
1332101403477762048
1332101278894354432
1332101028158828545
1332100747727605760
1332100496379809792
1332100429757493256
1332100129499844611
1332099962931384323
1332099926164197379
1332099603752247296
1332099307965718541
1332098109309116416
1332097783923429384
1332097580415782914
1332096879086198785
1332096772647366656
1332096733715816450
1332096713193033733
1332096431490994180
1332096429498789893
1332096256525672450
1332095841981648902
1332095711052263430
1332095132716425218
1332094783137796097
1332094311597477892
1332094305490628608
1332093474959667200
1332093270663573504
1332093227848110085
1332092675982565377
1332091381008003073
1332091138593992705
1332091053634166789
1332090926005710855
1332090623101427718
1332090446277906433
1332090378435125249
1332090157558861827
1332089888259379200
1332089393792884737
1332089201366626307
1332089094705451008
1332088692522033153
1332088490134269953
1332088354448486402
1332088008397479938
1332087884929753089
1332087681334046725
1332087485183238146
1332087232358977541
1332086725057916929
1332086546078588930
1332086076798869508
1332085958209134594
1332085432172089356
1332085168832655363
1332085112947740674
1332085029552447488
1332084923344236544
1332084382803234816
1332084302302089216
1332084007761276928
1332083998579961860
1332083368830308353
1332082936330522624
1332082905120727041
1332082810836881410
1332082656062939139
1332082641420554245
1332082616862904326
1332082224150290434
1332081853617098755
1332081738697363458
1332081660284841990
1332081506567794688
1332081362518614020
1332080949203496962
1332080760094941184
1332080733511438338
1332080217377153024
1332080126620819457
1332080115774349312
1332079994416271361
1332079258076917762
1332079086739615748
1332079029558665216
1332078209484120065
1332078190823616516
1332078030957719553
1332077894118617089
1332077711339229185
1332077647116050436
1332077559484456961
1332076664315113476
1332076621206089730
1332076363591847941
1332076335406215178
1332076132225716228
1332075907884994560
1332075733959798784
1332075594222366721
1332075354131992577
1332075164863967240
1332075102465363978
1332075061445087232
1332074643319033865
1332074182016962562
1332073752562163714
1332073712036831233
1332073504976539650
1332073451948023809
1332073047109591042
1332072830675148801
1332072774471389186
1332072660055035905
1332072435005341696
1332072270118989826
1332071790206734336
1332071724301524993
1332071455132176387
1332071426602524676
1332071417744142336
1332071276815507459
1332071197727723525
1332071143361175560
1332070907582570501
1332070555860791296
1332070448562102274
1332070342957948930
1332070335471030272
1332070249680805888
1332070117941915652
1332070117702852608
1332070000065208320
1332069277025886216
1332068712933978113
1332068616724996096
1332068161013895174
1332067932155863041
1332067656292241408
1332067577296793601
1332067576113934339
1332067351555158023
1332067038169231360
1332066762830000130
1332066755548688385
1332066734564667396
1332066708266356746
1332066370696196097
1332066339847086081
1332066295647440902
1332066159663964167
1332066067166924803
1332065902943219714
1332065891769577473
1332065517297946631
1332065398334820356
1332065068666793985
1332064982951989254
1332064907643252736
1332064872725680135
1332064799543398400
1332064614507552768
1332064486811983879
1332064325285122053
1332063732244025345
1332063599406309378
1332063486780858368
1332063439464919042
1332063247709712385
1332063150817095680
1332063109360611328
1332063010718945282
1332062707667832832
1332062324006522883
1332062297653710849
1332062155932315661
1332061909596647426
1332061874003841031
1332061698115702790
1332061466426478593
1332061447141154817
1332061310452903937
1332061242727542785
1332061226453622784
1332061122078400512
1332060829315964928
1332060820948316160
1332060491229896710
1332060469511774211
1332060267845455876
1332060249684119561
1332059962416173059
1332059917528817665
1332059754122842119
1332059670010355715
1332059620798574593
1332059550896230409
1332059504758886408
1332059470575378433
1332059452502052888
1332059267805884422
1332059204501245963
1332059080534482951
1332059034699112454
1332058862350897168
1332058844692951043
1332058802418544647
1332058790716465154
1332058549221019649
1332058425451274240
1332058400214102016
1332058296509927433
1332058237156413452
1332057899628179457
1332057860801433603
1332057789863116801
1332057716341215232
1332057673576099840
1332057297732898817
1332056937823940610
1332056802473746435
1332056719535595522
1332056266391351297
1332056070982955008
1332056063630249984
1332056041677348873
1332055849896960003
1332055383251234817
1332055291123392519
1332055263512289280
1332054794475884549
1332054658710376449
1332054576522997762
1332054145751257088
1332053993837760512
1332053883477250056
1332053843924963332
1332053536599908352
1332053362523729920
1332053345217998849
1332053337601138689
1332052788801654793
1332052710405922818
1332052656848834564
1332052612976431107
1332052585377910794
1332052574544015360
1332052556198055938
1332052471527641090
1332052197824221191
1332052138516746252
1332051998468870144
1332051959340290049
1332051827752394753
1332051483907514368
1332051211252609029
1332051152897253379
1332051145485938694
1332050843969986562
1332050771643346946
1332050630307950592
1332050478465757184
1332050272630296579
1332050138286714881
1332049951279505408
1332049930337329153
1332049711784714241
1332049622706118656
1332049222439354368
1332049155762622467
1332049126092120067
1332048994890096641
1332048808239394817
1332048693147684865
1332048633227866112
1332048578953564161
1332048489262485505
1332048423340699648
1332048331988750345
1332048092460421120
1332047753724170247
1332047573125828611
1332047141527752704
1332046604140949504
1332046597409165312
1332046143195320330
1332046127152177153
1332046061981011971
1332045912634515457
1332045890685644800
1332045841461370890
1332045741490130945
1332045692991369216
1332045493107568641
1332045467060998149
1332045363981774849
1332045277776252928
1332045094044753924
1332044938075365384
1332044692981157889
1332044476836159494
1332044471501017090
1332044412101292033
1332044352730914820
1332044248259174400
1332044155913121795
1332044119238205441
1332044086732337153
1332043821660639234
1332043760583270402
1332043467439140864
1332043376003256321
1332043272928325635
1332043116459814912
1332042722954326017
1332042716000219139
1332042656311103492
1332042347522252801
1332042274763632646
1332042108602085376
1332041973734191105
1332041750853136384
1332041102329778178
1332041024278061063
1332040650892697606
1332040567958724609
1332040523834667009
1332040190798520329
1332040061119049730
1332040031364591618
1332039939068932099
1332039902213656578
1332039781690318848
1332039572226707458
1332039314188988420
1332039267556741126
1332039126124785665
1332038569779716097
1332038496035479555
1332038419640442887
1332038385859497985
1332038341580165123
1332038143948808193
1332037958774509575
1332037926524477445
1332037807964114947
1332037734609936384
1332037391142547459
1332037385526403073
1332037319889739776
1332037196451368962
1332037048564396032
1332037036128284673
1332036993056985091
1332036973645664257
1332036934084997122
1332036830594813955
1332036707605155843
1332036665037164546
1332036611471798273
1332036575077801988
1332036555410726920
1332036516126846980
1332036439899516936
1332036419443953671
1332036412363988992
1332036335625003008
1332036305870594050
1332035989540380675
1332035898163269634
1332035842970431489
1332035760959139842
1332035667069693953
1332035574337851392
1332035527684612097
1332035416845930499
1332035345102364673
1332035329080107008
1332034998422081536
1332034981615587329
1332034698105786372
1332034594300899328
1332034574319235074
1332034349961719814
1332034336225366017
1332034228285042689
1332034119224668165
1332033953784590336
1332033791385366533
1332033586560704515
1332033172620668931
1332033088705204226
1332032973454143488
1332032833288810499
1332032428827873285
1332032412658905089
1332032273563213828
1332032103895232517
1332031944943611905
1332031888131837953
1332031854396968960
1332031788731031558
1332031740899102721
1332031657621254147
1332031503790993408
1332031225591173125
1332031027729068034
1332030779766018051
1332030380422082567
1332030350667763712
1332030024438984705
1332029987298402305
1332029977638948870
1332029959343321090
1332029865906876416
1332029755034624000
1332029550608461826
1332029332554977282
1332029216364376064
1332029198601433090
1332029105047556096
1332029015608135680
1332029002677153793
1332028881369526273
1332028761743699970
1332028757729832961
1332028429525454851
1332028391948775424
1332028298407264257
1332028027962855425
1332027752862584834
1332027749867917312
1332027368219811842
1332027148304048128
1332027058000699393
1332027027776544768
1332027026765737984
1332026936835629056
1332026821903343618
1332026738277289987
1332026652562481152
1332026635319726083
1332026576230379526
1332026146976894976
1332026114378706945
1332026105805627395
1332026077418565632
1332025993540800516
1332025951862054913
1332025698563796996
1332025614761603074
1332025544649691136
1332025343058833416
1332025043241623561
1332024529951010818
1332024329656262658
1332024298865913856
1332024252619517960
1332024049069928448
1332023833000370178
1332023660186624000
1332023510286393357
1332023069473378306
1332022923356479490
1332022736185651203
1332022729747402760
1332022618900361216
1332022359285518338
1332022258580197379
1332022060822958080
1332022059585712129
1332021765393051657
1332021649500221440
1332021606324072457
1332021294058020864
1332020927341727744
1332020334086787075
1332020262997536769
1332020134056243204
1332019958897909761
1332019789720653824
1332019619679391746
1332019608459546632
1332019505590005761
1332019444755931141
1332018829120184320
1332018798602412037
1332018589151473678
1332018552308707330
1332018491604561922
1332018360914223106
1332018292689670147
1332018162615914505
1332018053639512070
1332017778832908290
1332017739523903489
1332017720884420610
1332017388951199744
1332017333993418753
1332017148101865472
1332017055630061569
1332016861219840001
1332016752042143746
1332016182149455873
1332016057989652491
1332015583395799043
1332015505096445952
1332015412431753217
1332015282467053575
1332015201642835971
1332015104385314817
1332014302434385922
1332014132619583492
1332014092849188865
1332014015619493890
1332013945037549569
1332013879900196865
1332013563871977473
1332013460931145730
1332013456040615938
1332013205560958979
1332012666567667716
1332012580609683456
1332012546258300932
1332012276593827840
1332012257853796357
1332012173002883072
1332012106561052673
1332011835550208010
1332011732118679556
1332011652602949634
1332011425129242625
1332011176067280899
1332010813083815938
1332010578370564105
1332010569646415878
1332010560653758465
1332009987690942469
1332009861446586372
1332009584643411969
1332009517027090432
1332009425570291712
1332009378761891842
1332008850833215492
1332008758558470144
1332008616279216133
1332008591012794371
1332008343666388994
1332008290029539328
1332007976522158080
1332007616369844226
1332007501831823369
1332007267621888005
1332006911869390862
1332006895100579840
1332006873986445314
1332006850724847617
1332006727072567296
1332006627076141060
1332006523598417931
1332005374497611782
1332005245401042950
1332005181203025920
1332005105198051329
1332005018128572416
1332004956736458753
1332004892219682823
1332004846266933248
1332004800133812230
1332003666916683777
1332003380655427584
1332003286275252227
1332003213629939715
1332002932938641415
1332002886579056642
1332002751102988297
1332002606517014530
1332002141582594051
1332001979216826369
1332001732847661058
1332001431667273730
1332001078854946817
1332001058659463180
1332000765427249154
1332000649786101760
1332000621759696903
1332000368813871104
1332000279194185730
1332000194901274627
1332000084578492417
1332000039447769090
1331999556041576448
1331999512672563202
1331999467587956737
1331999350172553216
1331999335949553666
1331999111462137857
1331998617528365064
1331998493221785619
1331998492571693057
1331998367052914690
1331998211310018562
1331998164543545345
1331998140610846725
1331997913057267714
1331997486962110466
1331996906038431746
1331996769526439939
1331996741495902208
1331996569424584705
1331996320572338177
1331996226175156224
1331996166070923267
1331995891205632002
1331995798519877632
1331995495535960064
1331995328640413698
1331995287129378816
1331995242917052418
1331995232980897798
1331995021340532736
1331994982941683719
1331994896782274560
1331994872782479360
1331994827609796609
1331994721594580996
1331994661930610688
1331994310217256960
1331994258174214145
1331994235550240770
1331994055237120004
1331993971518820354
1331993965965565952
1331993777280602113
1331993749057122304
1331993672934682630
1331993625337733122
1331993483540918274
1331993215839334401
1331992911857266690
1331992850339393541
1331992528397197313
1331992414790225922
1331992346129543170
1331992327615864832
1331992309857198083
1331992172644732931
1331992006516682762
1331991931283443713
1331991891081109515
1331991592899661829
1331991559387099138
1331991505393868801
1331991168817770498
1331990744438099968
1331990535851167746
1331990525457653761
1331990382507413506
1331990161387884545
1331990124440281090
1331990089346510849
1331990078256771074
1331990071663337472
1331989906596515845
1331989837591834625
1331989721036283905
1331989505667162114
1331989439250362369
1331989210157510658
1331989111662665734
1331988973837758465
1331988219941031936
1331987688975704066
1331987646600646662
1331987082441609219
1331987076418580482
1331987058517217281
1331986981597949952
1331986897787375617
1331986736470167552
1331986733072781312
1331986510418161665
1331986413756223489
1331986327697563658
1331986221359390720
1331986095291174912
1331985832861978630
1331985828327911427
1331985748275421187
1331985685541216262
1331985563201769472
1331985419609763840
1331985391633707014
1331985187698319360
1331985038011936770
1331985004851826689
1331984980164169733
1331984931535384576
1331984822689030150
1331984777679937547
1331984507092824065
1331984444660572162
1331984371402805251
1331984355904905218
1331984336325849089
1331984092783652867
1331984038966538244
1331983933488177166
1331983863548170240
1331983559108812804
1331983548421697538
1331983526485487616
1331983320062767107
1331983259052494852
1331983155738374146
1331983022921543682
1331982968471031809
1331982870001438722
1331982837701107715
1331982831044734978
1331982497987629059
1331982467574722562
1331982260313141256
1331982155543670785
1331982025084055557
1331981721802301441
1331981443879333888
1331981218808819714
1331981170788200452
1331981000956669952
1331980646160486402
1331980589625454601
1331980236637020166
1331980183151194115
1331979901088489472
1331979632837537795
1331979337613144065
1331979298463502338
1331979254251327495
1331979027125514243
1331978886058553344
1331978612455710721
1331978555438342147
1331978479181721602
1331978291033542656
1331978013802688518
1331977927194447874
1331977714807566339
1331977665570598913
1331977597874565124
1331977590664466438
1331977175508119560
1331977107564589057
1331976899850080258
1331976315076030467
1331975861541724161
1331975721300992002
1331975164179992580
1331975083385106433
1331975026053173249
1331974074789224451
1331974058104205312
1331973898431295488
1331973491055341568
1331973412479258624
1331973254593044488
1331973226600288260
1331973000623747073
1331972940804616193
1331972831391920130
1331972830272106497
1331972346966577152
1331972055055601664
1331971843226546186
1331971680118378497
1331971631183499264
1331971442674524163
1331971416674209799
1331971412387639302
1331971400513548288
1331971213212659714
1331971122334736386
1331970982781865984
1331970966512136193
1331970935595954177
1331970605932011520
1331970497001779200
1331970174669484033
1331970035275935747
1331970005542559745
1331969908985491459
1331969848029614080
1331969765280243714
1331969714797629440
1331969548321513476
1331969538016022532
1331968982983847936
1331968940730437633
1331968897675825154
1331968816411271169
1331968797448744960
1331968796224086016
1331968574760611842
1331968535246069761
1331968517671936008
1331968368069455874
1331968288881053696
1331968221612830721
1331968123508051970
1331967956893511681
1331967766753107969
1331967632262787075
1331967466826850305
1331967411290075138
1331967287423864832
1331967248127451138
1331967180297170944
1331967079487049729
1331966906430001154
1331966807209603072
1331966743674281984
1331966712091119618
1331966515785199617
1331966200570662912
1331966146732584961
1331965834118520835
1331965492366614531
1331965094964715522
1331965069241053194
1331964906103578626
1331964838030008320
1331964832615182338
1331964691229384706
1331964672006828036
1331964507602694146
1331964252962361344
1331963985504182274
1331963688190963712
1331963608243326978
1331963446838124551
1331963297743167488
1331963281670615041
1331963235294175233
1331963151290687492
1331962862043066371
1331962768786927618
1331962525018157057
1331962495783882752
1331962303953121282
1331962218708168705
1331962006929362946
1331961905964077059
1331961457970384896
1331961441251979264
1331961171239444487
1331960963600445441
1331960938040156161
1331960919346323461
1331960902271324165
1331960804695044096
1331960796163809281
1331960592719024128
1331960273855508483
1331960234693304320
1331959835399770112
1331959795478384641
1331959552812724226
1331959437997772801
1331959311564742656
1331959270896771073
1331959055347290112
1331958744759078913
1331958737456799746
1331958598621163527
1331958521945059330
1331958335235567617
1331958231158173699
1331958148693979136
1331958063511777281
1331957904199606276
1331957826168741898
1331957774746574848
1331957672292331520
1331956988037779457
1331956937857044481
1331956914578747392
1331956813584011265
1331956690363748353
1331956364999077890
1331956192013410305
1331956157032919041
1331955879206326274
1331955506840268800
1331955444345171971
1331955355388174337
1331955088718487552
1331955084499046402
1331954880785760256
1331954485279780864
1331954322062651393
1331954277774987267
1331954222976430081
1331954137370660864
1331954137358020608
1331953825268240384
1331953502059421696
1331953364465225734
1331953195585851395
1331952883605057546
1331952872410460161
1331952864441348101
1331952792802643973
1331952644659802114
1331952432419659778
1331952386563305474
1331951861826510848
1331951637003382787
1331951632163237888
1331951594880036867
1331951570955743234
1331951309243764736
1331951062241189891
1331950807940554753
1331950806141120514
1331950657989914624
1331950632287268865
1331950504272859137
1331950491648090112
1331950482986840064
1331950259115880454
1331950140039585792
1331950138768715777
1331949750212497417
1331949592720642049
1331949366026780673
1331949143540064261
1331949109369040898
1331949095297150976
1331949033670119424
1331949021326401539
1331948950560133126
1331948819311972353
1331948809006538753
1331948749590044674
1331948574180061186
1331948549442035715
1331948513782009857
1331948177159839745
1331948079658962946
1331946764144939014
1331946730921877506
1331946445851779079
1331946000055988230
1331944203128098817
1331944006331359232
1331944002145423362
1331943494529716229
1331943403869921280
1331943031180840960
1331942119657795586
1331941866623934464
1331941855072833542
1331941677465034753
1331941607877308416
1331941493116968962
1331941487295258625
1331941222991196161
1331941054774382592
1331941003310329856
1331940541613940736
1331940502049091585
1331940476144979973
1331940451474169858
1331939817438011392
1331939696537194496
1331939488055119875
1331939369884807177
1331938959451172866
1331938265943990272
1331938254988472323
1331937611892600834
1331937024849358849
1331936898324062209
1331936354947784710
1331936113473228801
1331935132836655104
1331934900442763264
1331934871170772992
1331934767403704320
1331934675225362432
1331934502181023746
1331933988534030338
1331933928689635330
1331933885337309189
1331933610027397122
1331933436781608960
1331933382167638017
1331933309069385731
1331933011462529031
1331932985071955969
1331932937860886528
1331932902855225344
1331932629751508992
1331931946621001729
1331931851041222657
1331931797177966594
1331931694463651849
1331931306847047682
1331930286184157190
1331930205510914050
1331930030969155585
1331929906658373633
1331929511898869763
1331929465463713795
1331929352074878979
1331929305451024385
1331929286849212418
1331929251520655361
1331928941418967042
1331928868182233093
1331928725278035970
1331928681070137346
1331928399380697088
1331928173496438784
1331927923872428037
1331927815793553409
1331927763524202496
1331927671350161408
1331927355665813506
1331927146332348418
1331926981848535044
1331926075207610369
1331926059810426880
1331926035672260608
1331926000645644288
1331925982257799168
1331925807535697920
1331925363149197313
1331925039256625153
1331925037700575232
1331924928485068805
1331924657465864203
1331924424061308930
1331923755187265537
1331923741308297216
1331923491331969024
1331923269738434562
1331923005417680896
1331922541812850689
1331922516273750024
1331922386632007682
1331922356600762368
1331922161687293952
1331921769784020992
1331921743003357187
1331921732618358800
1331921519539326978
1331921481366986752
1331920886425907202
1331920799578644482
1331920769807507461
1331920312313769984
1331920135096053760
1331920044788473856
1331920032390066178
1331919942766170120
1331919869621792768
1331919807223128064
1331919711592976386
1331919596580982786
1331919395552186374
1331919291269181442
1331919200705777664
1331918982773956610
1331918669190926336
1331918283617001473
1331918235365756928
1331918125424648193
1331918104289488901
1331918049914593282
1331917953537863680
1331917939310796804
1331917766631305219
1331917726932197379
1331917421419098112
1331917416515907584
1331917394177118214
1331917319216525312
1331917289231355904
1331917287083937794
1331917097497145345
1331916731757907968
1331916549683367938
1331916387401560064
1331916069196402689
1331916008299393026
1331915833380134912
1331915742825095169
1331915696058421253
1331915678534803457
1331915575602372608
1331915455972462592
1331915055852642304
1331914821751738368
1331914807705006081
1331914733428076545
1331914719494504448
1331914706563559425
1331914639140130821
1331914573138567177
1331914564372492289
1331914559255351299
1331914300865327106
1331914299867090950
1331914140982652928
1331914129456713730
1331914116655681536
1331914083625525250
1331913870642982917
1331913761708535808
1331913597644120068
1331913359395082242
1331913188359729152
1331912747618013185
1331911839626694661
1331911655748460552
1331910939248119809
1331909762238345218
1331909550656655360
1331908803663683584
1331907590910046209
1331907586682216450
1331907437591465997
1331907022036606977
1331906214725378048
1331906175558967296
1331906004334882816
1331904956551540736
1331904290210918400
1331904177417621505
1331903392889905152
1331903351236259841
1331902626808688642
1331902518008410116
1331901599304867841
1331901535165554688
1331901167710953472
1331901101478653953
1331900898600235009
1331900668471349249
1331900401692647425
1331899939203518465
1331899167501914117
1331898336455118850
1331898310131642371
1331897841862782976
1331896254041878536
1331895356355973122
1331894798274490373
1331894534737973248
1331893370474672129
1331893302946373634
1331893237657681920
1331892730784604161
1331892706688311301
1331891995334357014
1331891754514133001
1331891348375560193
1331891251680075776
1331890991196999681
1331890873660006401
1331890850645700608
1331890783415365634
1331890747017203712
1331890664586563584
1331890577927966724
1331889684545499136
1331889452764033024
1331889357050044416
1331889129903300608
1331888910016913409
1331888895638769664
1331888823157088256
1331888627660546051
1331888617640390656
1331888615878762497
1331888608576376833
1331888162298327042
1331887923608883203
1331887677281538054
1331886956934950913
1331886615766179841
1331885261450514432
1331885041299886080
1331884227470782466
1331884140602519553
1331883601835778053
1331883179863666689
1331883068844625921
1331881732069593089
1331881501055721473
1331879381296410625
1331878213270859776
1331876643334451200
1331874684057554945
1331873176519921664
1331873154143285248
1331872675896102913
1331871411430952960
1331871238847926274
1331871033800929283
1331870520976019456
1331867739443634178
1331866872845889536
1331866706399129608
1331864883999207424
1331863455155048448
1331863328134664192
1331862771152130051
1331862138118414340
1331862100541628419
1331860844326629376
1331860360568123392
1331858271771258880
1331858270735175681
1331856974053511168
1331855630508974081
1331855118980026369
1331853475613970432
1331850725186539520
1331849935210340352
1331849610403450881
1331849555659403266
1331847953007456258
1331847351821070336
1331847168341131265
1331845156363005954
1331842550567735301
1331842017702400002
1331841962807357441
1331841754769846272
1331841722448568321
1331840108039847937
1331835813777256448
1331834883094831104
1331833912402833408
1331833502623539202
1331829686771490824
1331829085077647360
1331825434607153154
1331823067333529600
1331822384081489921
1331815397990019079
1331801871795822592
1331799063193411584
1331797602631823362
1331796149544501249
1331786225183842304
1331783873903079430
1331780369465667586
1331768932668149766
1331764180857262080
1331758432018452481
1331756975558889485
1331755135878504450
1331754591734689793
1331751057848930305
1331745448634310659
1331742353317572608
1331740315296919557
1331739766858129409
1331736034506366976
1331730652165763073
1331728841853820929
1331725500390248452
1331725482421792768
1331723781182803974
1331721286633086977
1331719684065026058
1331718875730374662
1331716895851024389
1331715365806673924
1331711420958912513
1331708983829291009
1331699588030476288
1331695210498301954
1331694330696830980
1331693223383871491
1331692887168442369
1331692636340707337
1331691752462319618
1331691693175959558
1331691435243008001
1331691413793345543
1331690193548681220
1331689557906124800
1331689331707219972
1331688801849253890
1331686977729687553
1331686972881063936
1331686779485888514
1331686563449892864
1331686177049628672
1331686101275308035
1331686075497058304
1331685860312571905
1331685346061508611
1331683243310149634
1331682882964877312
1331680425228591105
1331680292067799040
1331679670392254465
1331677386866364416
1331676533216440322
1331675820214120449
1331675184416387074
1331674501583659009
1331674145713762304
1331674142345719808
1331673141530267650
1331672479316766724
1331671947097370627
1331671383923941381
1331671193343102977
1331670850630717440
1331669731061985280
1331669591882346502
1331668828401569792
1331668771489148931
1331668491871645696
1331668427455520768
1331668246219657222
1331668040170299394
1331667906011291651
1331667477462454275
1331667325389582336
1331666944244723714
1331665871979286528
1331665668702343168
1331665636183957507
1331664867799994368
1331664324809646080
1331664197101506567
1331664144534286341
1331663755193815047
1331663564692656138
1331663028656480262
1331662730886057989
1331662582026014720
1331662339402326019
1331662320624410624
1331662082001997826
1331661557890240520
1331661515552944131
1331661455012335618
1331661368274149376
1331661349378809860
1331661303463743492
1331661130637381632
1331661086689521665
1331661037288960000
1331660895601250309
1331660790445846528
1331660656832024576
1331660644462989312
1331660447024635904
1331660302967070726
1331659999383343104
1331659997487525888
1331659775151665157
1331659600744116227
1331659474252206080
1331659286875938817
1331659276197236736
1331659126510936071
1331658787481120769
1331658642760884224
1331658607105110016
1331658573345075200
1331658494961971201
1331658416343945219
1331658305723305992
1331658297351483397
1331658085266550785
1331658061199659008
1331657655367118849
1331657468049584132
1331657455638548481
1331657174255329283
1331657078163771393
1331657066650492936
1331656898353958921
1331656723841642496
1331656720117067782
1331656597572112391
1331656547286605836
1331656518576574465
1331656417456107528
1331656294680457217
1331656206340018179
1331656175033733122
1331656161343508481
1331656014756798464
1331655868086149122
1331655863698939908
1331655780555173894
1331655774515458050
1331655719582658560
1331655669200670722
1331655652108800004
1331655640352165888
1331655572794593287
1331655474484219909
1331655396486942721
1331655142819688457
1331655053451685890
1331654985948549122
1331654942759727104
1331654840527839241
1331654815085113344
1331654737775759361
1331654463686381572
1331654462772011013
1331654449136349186
1331654325878345730
1331654240268414979
1331654215421341696
1331654139672223744
1331654064065699843
1331654041286348804
1331653858335010816
1331653795563106310
1331653664067432448
1331653641367924736
1331653638196965385
1331653618739650562
1331653602297917442
1331653585147465733
1331653549751742466
1331653428288892929
1331653420726542338
1331653417849262080
1331653407116062728
1331653376539566092
1331653205495869441
1331653194137661444
1331653173929517059
1331653143046844416
1331653135014768645
1331653091729551361
1331653081273163782
1331653062935666688
1331653041628569601
1331652991909306372
1331652951727886337
1331652936125067266
1331652935185526784
1331652884392534019
1331652880353341448
1331652863949410306
1331652857787977730
1331652840104857600
1331652795217358861
1331652793585848327
1331652780554063872
1331652683200073735
1331652666875899904
1331652664413839361
1331652655299629060
1331652626145021952
1331652622269476872
1331652595144937475
1331652580972376067
1331652538962235393
1331652528681971715
1331652336301830146
1331652323404361731
1331652263476129792
1331652173382475777
1331652140100689922
1331652101450174464
1331652088611426305
1331652077446164481
1331652067014873088
1331652010865807360
1331652009464836099
1331651976879362049
1331651954313994241
1331651895816040452
1331651868074893318
1331651845811539974
1331651824819064832
1331651811778891777
1331651798130716677
1331651796599779330
1331651738349297666
1331651715242864642
1331651699484844044
1331651699354857484
1331651532387979268
1331651491678072835
1331651475244773379
1331651421389860864
1331651398509932547
1331651359330889728
1331651225373196290
1331651081479352326
1331651064865632257
1331651038928011265
1331650869478166528
1331650674233384961
1331650594847809539
1331650410432573441
1331650171114020872
1331649775595360256
1331649740853944322
1331649585471778825
1331644922496212993
1331641668156715013
1331641519170854912
1331641060922068992
1331635343335034882
1331630286963093513
1331629822204911617
1331628727621578752
1331627562032881665
1331626253431017473
1331624341298163719
1331622696250204160
1331622305471098883
1331622216333668352
1331619171596169218
1331614961093718018
1331614820718809091
1331604200908857345
1331604109066006530
1331602412470198272
1331580594980057089
1331576227015094279
1331573322505719808
1331573121531449345
1331572764013158401
1331571837369769984
1331571593131274240
1331571567676022790
1331571566224822272
1331571396066086912
1331571388315013120
1331568841672060930
1331567074615963648
1331566594934382592
1331558391546830855
1331558039783092229
1331543660299685889
1331537302527602688
1331536812372865024
1331533952981590017
1331533382002614273
1331532282411298817
1331530568383623173
1331530008939143168
1331526834660503552
1331526732210429953
1331524764356251649
1331523687594520576
1331519901484388352
1331514170093817860
1331512725059596290
1331512708726972418
1331511329321054209
1331510470512046082
1331510019997708288
1331506290179403777
1331505545413443585
1331503593116102656
1331501429803130880
1331500795469160454
1331499703012368384
1331499470685663233
1331497693626195970
1331496479387656192
1331495664585502720
1331495337652051969
1331494917793779714
1331489371690766336
1331487768682360838
1331487710951976967
1331486819167428608
1331485525111427072
1331484633452654592
1331483668423057408
1331483233716940802
1331481211013894144
1331479029397004289
1331477862084472832
1331477696526815239
1331474112800284673
1331473345204850688
1331472823622258688
1331472758958665728
1331472235350142976
1331470708149456897
1331469756570984460
1331469288566349825
1331469253770432514
1331467399523086337
1331466718552666112
1331466248975241218
1331465089212444673
1331464640899985409
1331463877821935624
1331462654389596161
1331460022824538112
1331456813028552711
1331454664043352065
1331452998770421762
1331451560757432320
1331451173019262976
1331450269067071488
1331449948362207232
1331446555077959680
1331446422282047490
1331442623417094144
1331442150421180417
1331439859446243334
1331438604955095040
1331436373027532800
1331432767742218241
1331431234111672320
1331431118948720640
1331367528195629056
1331339430037172224
1331330521046061057
1331327886645731329
1331325677547757568
1331324577524436994
1331315890844004355
1331312727919374339
1331308998046359552
1331287123635412992
1331284187354177544
1331281070982127619
1331280070502195215
1331277870728179712
1331264330042634240
1331259019147833344
1331241230521544704
1331239716512010242
1331238832998592513
1331236125453770754
1331227092651020291
1331215239656910849
1331188541876006913
1331187208162844675
1331187114663436288
1331186942671794177
1331176583042838531
1331174427908853760
1331170014607634435
1331163154752090114
1331161181512458240
1331149454171385856
1331145710700523520
1331130425503346694
1331130230640173058
1331123702721810432
1331119659547058183
1331105877672292353
1331097251263995904
1331090720241950720
1331076227470385153
1331072871007989762
1331055065864556554
1331035193977651200
1331034744067399685
1331034449790853120
1331015114288492552
1331009080308211712
1331008878700498945
1331008431025696769
1331006317306241025
1330993489279070209
1330992038020603905
1330991198295756800
1330986847812595722
1330984887277457408
1330984187977986050
1330981847954837506
1330981149720670221
1330980914227253250
1330980633129127941
1330978626414780416
1330976664084426757
1330974225583251459
1330974155437641733
1330973992270880773
1330973574430158850
1330972486838726656
1330970555625975810
1330970311177760784
1330969864685703171
1330966365088440328
1330966140860854272
1330965741466759173
1330965641814298626
1330965354533822465
1330965115819200514
1330964801120587782
1330964459733528578
1330962363693101060
1330962201390292996
1330961892412633097
1330961295915573252
1330960579062796290
1330960476046569473
1330960424687308803
1330959920204820482
1330959449251569668
1330959344821817345
1330959131700760584
1330958947390431235
1330958906584166404
1330958721619546116
1330951762824531969
1330950805395009543
1330948917383614466
1330945038164094977
1330943958327980036
1330943402423226371
1330940791070584833
1330938556278321154
1330936533675880452
1330935675949109251
1330933807428624384
1330933393132032000
1330930114109042688
1330929555155116032
1330927961969745921
1330927838724304900
1330927036173611009
1330926945941458946
1330924893597274113
1330924612784447488
1330922914800148480
1330914943235977216
1330912080929697795
1330911522491654145
1330911225627226114
1330910969388818435
1330909783864569858
1330903813335769092
1330903150954508290
1330901697342959617
1330898428285640707
1330896417779576835
1330895763208101891
1330894175420682243
1330892614896406528
1330891980734427140
1330891168608100354
1330889735678681089
1330885455114547200
1330884793492516864
1330884710680186881
1330882893804171265
1330881752525647872
1330881101406101504
1330879407767117830
1330878545707601923
1330874680354476033
1330874364254953476
1330873822757707779
1330873800276242437
1330871827699261442
1330870775520370689
1330869006144843779
1330868471584976904
1330866841154105346
1330866739605811202
1330865923255918592
1330865671593480196
1330863693911961602
1330861748644147201
1330861655710961667
1330860737674166272
1330859325280169986
1330859301758439425
1330858807170371586
1330857833156448258
1330857143067693056
1330856378248916993
1330856099856183296
1330856070214987777
1330855412057387010
1330854177170485250
1330853562428121091
1330853423466639360
1330852949464141825
1330852608953765890
1330852564687081474
1330852249271201793
1330852207261069312
1330852044282978304
1330851715197923329
1330851593927929858
1330851439279792130
1330851296883183617
1330851166243221512
1330849433102258177
1330848477493006339
1330848414159007744
1330848062584000515
1330847766952759299
1330847721838825472
1330847291343777792
1330847105565462534
1330847017631887361
1330846898320789505
1330844529172361217
1330843765913903107
1330840696492879872
1330839760605163522
1330838508278308864
1330836540461903872
1330836228078514176
1330835954660237313
1330835309156765701
1330834861888827400
1330834789209952258
1330834130293182468
1330834027281059841
1330833700821618688
1330833592914763776
1330833367902932994
1330829826668830720
1330828532633784321
1330827765969539073
1330827316344229888
1330826746803982336
1330826528188411906
1330826469690515458
1330826416431247360
1330826328673759234
1330826240748609537
1330826220636925953
1330825821200687106
1330825207339249666
1330825127899111425
1330823958577508353
1330823584244240386
1330822819257704448
1330822675934089218
1330821682177728512
1330821162633400323
1330820990876717056
1330820712597250053
1330819689656836097
1330819504025329664
1330817290783371267
1330816640309661696
1330814413218181122
1330813956114538498
1330812843126648833
1330812725900042245
1330811417734361088
1330810959057854464
1330810654421364738
1330810582900092931
1330810448741064705
1330810146457575424
1330810051766988802
1330807080287170562
1330805275918557184
1330804992362631168
1330804927623557120
1330804768034459648
1330803949947981825
1330803823745650688
1330803465333968896
1330803434581266433
1330803339077050368
1330803225591754753
1330802768001585152
1330802523855351809
1330801927085494273
1330801805215850497
1330801803743670273
1330801771757891584
1330801587036557312
1330801560876683265
1330800554155585536
1330800410156802049
1330800030509359104
1330799788674199553
1330799749973282816
1330799650069213184
1330798867873472512
1330798848051204098
1330798417245859841
1330798327810711555
1330798284902866945
1330798283959230465
1330798262606061569
1330798165063135239
1330798035367059457
1330797963468283905
1330797834220822528
1330797745947422720
1330797698467979266
1330797192420978688
1330797129279954945
1330796851604443136
1330796320580374528
1330796097388900354
1330795811417034752
1330795071600553995
1330794718809247744
1330794150061600768
1330793880657276928
1330793205747552265
1330792024790986752
1330791561546838017
1330790583833604102
1330789536159371266
1330788715631964160
1330787721791598593
1330786555909337089
1330786534832939009
1330786508719222786
1330786275025162246
1330786156842250240
1330785898947022849
1330785773436751873
1330785140054888449
1330785033393745920
1330784822227324930
1330784439081824256
1330784409386094593
1330784269799723008
1330784257644650497
1330784236014592004
1330783852881698817
1330783834070200320
1330783659423621120
1330783323732516865
1330783192035561474
1330781258620801024
1330781185417617413
1330781174550163456
1330781044019240965
1330779825045467136
1330777991824207872
1330776393647607808
1330776286931922949
1330775447139987458
1330774302346665987
1330774019415674880
1330773875320377344
1330773559736737793
1330773522784919554
1330772938791018496
1330772674474369027
1330770502089142273
1330770418119094273
1330770288750059520
1330766959441534982
1330766580108693505
1330766392807841798
1330766083356319744
1330765134302736384
1330761250851131392
1330759495954305025
1330759266345635840
1330756146811064320
1330754662467833857
1330753158595768320
1330751763843067905
1330749431428358146
1330748018090532864
1330746076236746754
1330745753787129856
1330632150463475713
1330612106975207425
1330594748550279172
1330591989289594883
1330591946243444737
1330591864232218625
1330591834343608325
1330578968857210882
1330567620828012548
1330567333929230340
1330564979133714438
1330560394361008133
1330549442408280071
1330502219586736128
1330492232726622213
1330483305783975938
1330480887826423819
1330478682784329729
1330477697026420739
1330464092918849536
1330457030839164934
1330454562994577409
1330446985787281409
1330420512359636993
1330402251119190016
1330300970388103169
1330298371559600129
1330260003098423309
1330253024615337987
1330216287071559681
1330194349699854343
1330193279011467266
1330192829008801792
1330190142489960448
1330186973135376393
1330178344743268352
1330175857273565193
1330168810054234113
1330168462308741132
1330168373158825987
1330155167367520256
1330153099521093633
1330150736714461186
1330099837929484288
1330082477059272704
1330080722724511753
1330076383280820224
1330067307817803776
1330067247331676160
1330067030503010305
1330066961108230154
1330066897019293703
1330062064874827776
1330057210534170624
1329928883999813635
1329917676110548995
1329914601744572417
1329913834086297601
1329906160795840512
1329872618728660993
1329858573594193921
1329854581677944833
1329849333555081217
1329835388903563264
1329825341230231558
1329799945990369284
1329797532243943426
1329793889188900869
1329783430582820868
1329776259887460352
1329774988421902338
1329773515625680896
1329772176367640576
1329762989017280518
1329762539400519680
1329759353906356224
1329759280455700485
1329759134753894401
1329758109586362368
1329756295126257664
1329740082249687048
1329721888604557313
1329720519856361474
1329713382077984768
1329710697639501826
1329706288528420870
1329705916137156609
1329701997386362880
1329700492004495360
1329698293656514560
1329698152845365254
1329698145714974720
1329696497093513216
1329691718946594817
1329683259387768836
1329678554448191494
1329672016484560896
1329670823033012224
1329657511151071233
1329655332239527937
1329646679499345922
1329616967284699141
1329599578816081924
1329556717735186433
1329540795448365056
1329533603831836675
1329521385941725191
1329510809236594688
1329506975328182272
1329504059443867648
1329503817709342724
1329503022326689793
1329497831779000320
1329492858882109442
1329490240214622211
1329489852669304833
1329488377821933575
1329488025911402496
1329487605629546497
1329485088044662785
1329484134960541699
1329483465172135939
1329480748018130947
1329478028813099015
1329476882744696835
1329474930208018432
1329472339109679109
1329472001782788096
1329469986289688576
1329467157307125763
1329464718818414603
1329463450553225217
1329463345980862466
1329463057970507778
1329462440996777987
1329454519428784131
1329449028103380992
1329444814400655363
1329444520551997441
1329437045807312903
1329436836717092871
1329436095877181443
1329428535254114304
1329426056219140102
1329423567059111938
1329421529776607232
1329419686715535360
1329414846144794624
1329411645886619649
1329411532137123840
1329410687857209344
1329408688587681793
1329408500578066433
1329402323601399812
1329397181305020416
1329395753358405633
1329387747623264263
1329384109353938944
1329382567192252416
1329379093339648003
1329378331733667841
1329378071217102848
1329376944719335429
1329373735330131968
1329373378659180551
1329369057901092864
1329367756035268611
1329366655890305025
1329366147297382400
1329364969381564416
1329364107074658304
1329362956501520385
1329362135089078275
1329362095457136642
1329360730416705537
1329359976767369216
1329359765659586562
1329359623728586752
1329359621727924225
1329359554803621889
1329356994088669185
1329355910150561793
1329354129957924865
1329353778609451010
1329353304879616002
1329346978782867456
1329345215564570624
1329343060849909760
1329341661298692096
1329333450466357248
1329331389167243264
1329330154368339969
1329329396235202561
1329327407384453120
1329325955584839683
1329325320458080256
1329320656723382276
1329316740287893504
1329314515691986947
1329303391420489730
1329302800875073536
1329301343098593280
1329299324048723968
1329295505785024512
1329294628596699136
1329291973879066624
1329291491890565120
1329290929648201728
1329287903244120064
1329283387899719680
1329282288455127040
1329282209639968768
1329282110440529922
1329276647007260672
1329273095648018432
1329268989432836107
1329258818103091200
1329249812378775553
1329249446740287489
1329244994922815488
1329232200403996673
1329230705835057152
1329219800766230529
1329219650450825219
1329216972303855622
1329215329206210560
1329214874476548099
1329212873290244096
1329211183824596995
1329208891587129347
1329208168220651521
1329205255712755715
1329201191524429825
1329200084811194371
1329197879756513283
1329194630441742337
1329193978269458432
1329192525257641987
1329192180016181248
1329181082177167364
1329181041970569233
1329180976308740102
1329179978567708673
1329177933752258562
1329176783510441989
1329176451858522115
1329175338866397184
1329172917293375489
1329172238369759233
1329172102763737090
1329170585730117633
1329169121020358661
1329168305895190536
1329167537490321408
1329167436214644750
1329166666509529090
1329166069567807488
1329163910205874179
1329163535616782337
1329163117163634688
1329162740246704130
1329162703806590986
1329162581848756229
1329161064160894977
1329160638703218688
1329159427044347904
1329158726113222658
1329158289171607553
1329158220888350722
1329158127594463234
1329157249550442500
1329155998838378497
1329155457810722817
1329155434415001600
1329154754463797260
1329154117009338373
1329151959572639744
1329151093922729992
1329151072162689025
1329149952015159300
1329149763913199618
1329149306532753420
1329149165453107205
1329148042369437704
1329147913365299204
1329144333937893379
1329143148547895302
1329142196877078528
1329141964143472643
1329141104151650304
1329140199004250114
1329140092540170244
1329139957370335233
1329139100096622593
1329137954594435072
1329137858435801092
1329132840148209669
1329132790135320586
1329132128777461767
1329130806296633344
1329130728047730689
1329130640403521539
1329130511680368645
1329130184067444736
1329130104891600898
1329129779367456773
1329128679990038533
1329128306000670720
1329127439491076101
1329125360521388034
1329122998369067010
1329122812989239303
1329122804491571213
1329122582482784260
1329122263602515969
1329121358949847046
1329120354908909571
1329120215825870851
1329120000171532288
1329119690464129028
1329119528731742210
1329118939377504259
1329117574269988865
1329117529348968451
1329117163777445889
1329116681235554305
1329116204909408260
1329115380476997633
1329115372247773189
1329114960757207043
1329114760298835970
1329114413308186626
1329113959908188160
1329113539588612096
1329113354934300672
1329112988020858885
1329112811969146880
1329112768805527554
1329112460629045253
1329112438776721414
1329111879894130690
1329111508966666240
1329111039850532865
1329110827044118533
1329110650879172610
1329109060508061696
1329107857086816258
1329107668213051394
1329107140167016448
1329105495047680001
1329104738101682179
1329104357682507778
1329103437401780225
1329103325850112002
1329102970680729601
1329102694884253700
1329102406001553410
1329102213256536064
1329102178284433408
1329101931038601216
1329101795759624194
1329101278358724610
1329101191607881736
1329100778691244038
1329100178700300290
1329100025130078210
1329099799287771141
1329099746833817602
1329099652596199433
1329099598586126339
1329099270558003206
1329098932258033667
1329098852746530816
1329098751353491459
1329098378962214916
1329098324012625925
1329097162718908417
1329097156586840070
1329097088915877888
1329097082607689732
1329096715761295361
1329096384318992387
1329096324503973889
1329096072078221314
1329095813897842692
1329095752661012480
1329095536138481672
1329095518891483136
1329095458728386569
1329095228771475459
1329095034013167617
1329094998692859904
1329094773949521921
1329094739275247621
1329094608610078726
1329094152856997895
1329094146938683392
1329094131570925568
1329093960070033413
1329093904709287943
1329093904654880768
1329093868944580608
1329093826502414340
1329093717899276288
1329093483190095872
1329093378038919175
1329093337320710147
1329093203836866563
1329093146626514946
1329093110341672967
1329093036417040389
1329092152874307584
1329068731461320705
1329045116795957254
1329040493108473856
1329028936127434753
1329026835338838017
1329026566488268801
1329026146382606338
1329024050535002120
1329021773006970883
1329015574035369984
1329012499405021184
1329008483795132419
1329006078558953478
1329003301908537345
1328999016609230849
1328996464245280771
1328995379334033411
1328995122927767552
1328994944166588418
1328992504402878467
1328986294777733122
1328980236130783232
1328979199965749249
1328974447236292611
1328938119815630854
1328701293376913415
1328671240454860810
1328658332970835968
1328638832456183814
1328531531468517376
1328502729187225603
1328498213578559488
1328497043963260929
1328462301834440706
1328458766833115136
1328457332158771204
1328415734603640832
1328414460214726658
1328403818288197632
1328375353379868672
1328316034739265539
1328293548366630919
1328273952087699457
1328076884094177280
1327979858786455552
1327588559960805376
1327524620220690432
1327516420524158980
1327489748902920193
1327370154691469312
1327369784577679363
1327281392263237633
1327167940593070080
1327121336112717825
1327027426988322817
1326996113304547328
1326990353262665729
1326985768540246018
1326956184377700355
1326955943846883330
1326955850427211776
1326953415528865799
1326922997710675969
1326905105266958345
1326893409127297026
1326891792529317890
1326883491921924097
1326881212338753540
1326877679111565319
1326870269034696704
1326866059878674434
1326864683496845312
1326863563902902274
1326858215393521664
1326856947455418368
1326855116092280832
1326854888777715712
1326854612721295360
1326854476255334400
1326850965081829376
1326849211233673219
1326847878908801025
1326847283808382979
1326846602796003329
1326846288978186242
1326845991421669378
1326845775071031297
1326835148223111169
1326834591295016961
1326833296031047683
1326833002333286400
1326813757046132738
1326793625926299652
1326785248605184001
1326782340870320130
1326779398922637322
1326776604698271747
1326775551424679945
1326775121244278784
1326774768784314368
1326774529767694337
1326753146698412035
1326663669413974020
1326642313066635266
1326604965461323786
1326600138308136962
1326597757340176387
1326592492066795526
1326592402598096898
1326586084239814656
1326585058002694152
1326583352107929610
1326578836553822209
1326552470957420545
1326546226142064640
1326545777280208901
1326544906232344577
1326544428735975424
1326541579834679299
1326541173465362436
1326534363979329538
1326534168898101248
1326533933324906496
1326533854090334209
1326533807822917635
1326533751149490176
1326532267875840000
1326523681686908929
1326510861947637761
1326476079108923393
1326464397892579329
1326442464232804353
1326441567004073986
1326440933966147584
1326414602326962179
1326412466553827328
1326412250144452609
1326407597130457088
1326394864309850113
1326386037422247938
1326364678226898944
1326363193724334080
1326281308381786119
1326276523683360768
1326274712557772802
1326274672934047745
1326274297929867266
1326272112798076933
1326271966899286016
1326269773601251330
1326268555541827585
1326266903858442242
1326266156920025095
1326247654653890566
1326237368387579904
1326235766624817152
1326230712786309120
1326228680037830657
1326212268128956416
1326201230293692417
1326184742061035520
1326176718890135552
1326176184439349248
1326176083780177922
1326171773235302400
1326171100838047744
1326170322677207041
1326170100941131779
1326167704504573952
1326164736942149633
1326158157144596480
1326156713049923585
1326156123716587521
1326156041856421888
1326149212871028739
1326129729959759873
1326120820482174982
1326120279534428162
1326119681418285057
1326118215676792833
1326117868065402881
1326116490458828800
1326115877390082055
1326113291782021122
1326112359346294785
1326111708478382081
1326110354733142016
1326110036045729792
1326109421995483136
1326109197960962051
1326108903936061443
1326108243115057153
1326107830429085697
1326107571015573510
1326107354912395268
1326107178378407936
1326106833690505216
1326106611883139077
1326106606443110402
1326106490613194752
1326102441918668800
1326099796264968193
1326098952815476737
1326096174936371200
1326095625524551681
1326093781498793992
1326092967615098881
1326092495248388097
1326090973433135105
1326087725972398080
1326086613617827840
1326085822504869889
1326085571635277825
1326085193753456642
1326085193636040704
1326085070910730240
1326085069031661573
1326085068981329922
1326084871786262529
1326084870272126976
1326084708233596928
1326083974205218816
1326083688766042115
1326083483865927680
1326083304722870273
1326082051246751744
1326080991258140672
1326079543438880769
1326073622683922432
1326073153647489025
1326057646844153856
1326056738840305665
1326050378245419009
1326048288739651584
1326048210985644034
1326048159014002689
1326045791291666432
1326043598631133185
1326037475308019714
1326032727150309376
1326031552917237760
1326029903519756291
1326029140189974528
1326018570850013184
1326017103045021696
1326009247822475264
1326004437442322432
1326000892248731648
1325997271322857472
1325994302196097025
1325993536723017729
1325993532142837760
1325984253151244289
1325968353379446784
1325967651286474752
1325918916049252366
1325907760500903937
1325904147313516544
1325903206552121345
1325829615395352579
1325764819174256640
1325341791084810241
1324735135519047681
1324665166471012352
1324400949738328068
1324136557926821888
1324110111967711233
1324023352642670595
1324010286882476034
1323995219000545280
1323993978396696577
1323475280053370880
1323384695271399424
1323381168276971526
1323366990954856449
1323366563181961217
1323366020493594624
1323364830682714112
1323364491439054848
1323363997337477120
1323363071738417152
1323269646536085505
